,Dates,Cases,Deaths,Active Cases,Daily Cases,Daily Deaths,CFR,Cases growth rate,Deaths growth rate
0,Feb 15,0,0,0,0,0,0.0,0.0,0.0
1,Feb 16,0,0,0,0,0,0.0,0.0,0.0
2,Feb 17,0,0,0,0,0,0.0,0.0,0.0
3,Feb 18,0,0,0,0,0,0.0,0.0,0.0
4,Feb 19,0,0,0,0,0,0.0,0.0,0.0
5,Feb 20,0,0,0,0,0,0.0,0.0,0.0
6,Feb 21,0,0,0,0,0,0.0,0.0,0.0
7,Feb 22,0,0,0,0,0,0.0,0.0,0.0
8,Feb 23,0,0,0,0,0,0.0,0.0,0.0
9,Feb 24,1,0,1,1,0,0.0,0.0,0.0
10,Feb 25,1,0,1,0,0,0.0,1.0,0.0
11,Feb 26,1,0,1,0,0,0.0,1.0,0.0
12,Feb 27,1,0,1,0,0,0.0,1.0,0.0
13,Feb 28,1,0,1,0,0,0.0,1.0,0.0
14,Feb 29,1,0,1,0,0,0.0,1.0,0.0
15,Mar 01,1,0,1,0,0,0.0,1.0,0.0
16,Mar 02,1,0,1,0,0,0.0,1.0,0.0
17,Mar 03,1,0,1,0,0,0.0,1.0,0.0
18,Mar 04,1,0,1,0,0,0.0,1.0,0.0
19,Mar 05,1,0,1,0,0,0.0,1.0,0.0
20,Mar 06,1,0,1,0,0,0.0,1.0,0.0
21,Mar 07,4,0,4,3,0,0.0,4.0,0.0
22,Mar 08,4,0,4,0,0,0.0,1.0,0.0
23,Mar 09,4,0,4,0,0,0.0,1.0,0.0
24,Mar 10,5,0,5,1,0,0.0,1.25,0.0
25,Mar 11,7,0,7,2,0,0.0,1.4,0.0
26,Mar 12,7,0,7,0,0,0.0,1.0,0.0
27,Mar 13,7,0,7,0,0,0.0,1.0,0.0
28,Mar 14,11,0,11,4,0,0.0,1.5714285714285714,0.0
29,Mar 15,16,0,15,5,0,0.0,1.4545454545454546,0.0
30,Mar 16,21,0,20,5,0,0.0,1.3125,0.0
31,Mar 17,22,0,21,1,0,0.0,1.0476190476190477,0.0
32,Mar 18,22,0,21,0,0,0.0,1.0,0.0
33,Mar 19,22,0,21,0,0,0.0,1.0,0.0
34,Mar 20,24,0,23,2,0,0.0,1.0909090909090908,0.0
35,Mar 21,24,0,23,0,0,0.0,1.0,0.0
36,Mar 22,40,1,38,16,1,0.025,1.6666666666666667,0.0
37,Mar 23,40,1,38,0,0,0.025,1.0,1.0
38,Mar 24,74,1,72,34,0,0.013513513513513514,1.85,1.0
39,Mar 25,84,2,80,10,1,0.023809523809523808,1.135135135135135,2.0
40,Mar 26,94,4,88,10,2,0.0425531914893617,1.119047619047619,2.0
41,Mar 27,110,4,104,16,0,0.03636363636363636,1.1702127659574468,1.0
42,Mar 28,110,4,104,0,0,0.03636363636363636,1.0,1.0
43,Mar 29,120,4,114,10,0,0.03333333333333333,1.0909090909090908,1.0
44,Mar 30,170,4,164,50,0,0.023529411764705882,1.4166666666666667,1.0
45,Mar 31,174,4,165,4,0,0.022988505747126436,1.0235294117647058,1.0
46,Apr 01,237,4,228,63,0,0.016877637130801686,1.3620689655172413,1.0
47,Apr 02,273,6,257,36,2,0.02197802197802198,1.1518987341772151,1.5
48,Apr 03,281,6,265,8,0,0.021352313167259787,1.0293040293040292,1.0
49,Apr 04,309,7,292,28,1,0.022653721682847898,1.099644128113879,1.1666666666666667
50,Apr 05,349,7,327,40,0,0.02005730659025788,1.1294498381877023,1.0
51,Apr 06,367,11,338,18,4,0.02997275204359673,1.0515759312320916,1.5714285714285714
52,Apr 07,423,14,391,56,3,0.03309692671394799,1.1525885558583107,1.2727272727272727
53,Apr 08,444,14,401,21,0,0.03153153153153153,1.049645390070922,1.0
54,Apr 09,484,15,437,40,1,0.030991735537190084,1.09009009009009,1.0714285714285714
55,Apr 10,521,15,474,37,0,0.028790786948176585,1.0764462809917354,1.0
56,Apr 11,555,18,505,34,3,0.032432432432432434,1.0652591170825336,1.2
57,Apr 12,607,18,557,52,0,0.029654036243822075,1.0936936936936936,1.0
58,Apr 13,665,21,612,58,3,0.031578947368421054,1.0955518945634266,1.1666666666666667
59,Apr 14,714,23,651,49,2,0.03221288515406162,1.0736842105263158,1.0952380952380953
60,Apr 15,784,25,716,70,2,0.03188775510204082,1.0980392156862746,1.0869565217391304
61,Apr 16,840,30,756,56,5,0.03571428571428571,1.0714285714285714,1.2
62,Apr 17,906,30,777,66,0,0.033112582781456956,1.0785714285714285,1.0
63,Apr 18,933,30,791,27,0,0.03215434083601286,1.0298013245033113,1.0
64,Apr 19,996,33,832,63,3,0.03313253012048193,1.067524115755627,1.1
65,Apr 20,1026,36,855,30,3,0.03508771929824561,1.0301204819277108,1.0909090909090908
66,Apr 21,1092,36,906,66,0,0.03296703296703297,1.064327485380117,1.0
67,Apr 22,1176,40,970,84,4,0.034013605442176874,1.0769230769230769,1.1111111111111112
68,Apr 23,1279,42,1058,103,2,0.0328381548084441,1.0875850340136055,1.05
69,Apr 24,1351,43,1120,72,1,0.03182827535159141,1.0562939796716184,1.0238095238095237
70,Apr 25,1463,47,1228,112,4,0.03212576896787423,1.0829015544041452,1.0930232558139534
71,Apr 26,1531,50,1274,68,3,0.032658393207054215,1.0464798359535201,1.0638297872340425
72,Apr 27,1703,57,1426,172,7,0.03347034644744568,1.1123448726322664,1.14
73,Apr 28,1828,58,1542,125,1,0.03172866520787746,1.0733998825601878,1.0175438596491229
74,Apr 29,1939,60,1627,111,2,0.030943785456420837,1.0607221006564551,1.0344827586206897
75,Apr 30,2171,64,1847,232,4,0.02947950253339475,1.1196493037648272,1.0666666666666667
