,Dates,Cases,Deaths,Active Cases,Daily Cases,Daily Deaths,CFR,Cases growth rate,Deaths growth rate
0,Feb 15,0,0,0,0,0,0.0,0.0,0.0
1,Feb 16,0,0,0,0,0,0.0,0.0,0.0
2,Feb 17,0,0,0,0,0,0.0,0.0,0.0
3,Feb 18,0,0,0,0,0,0.0,0.0,0.0
4,Feb 19,0,0,0,0,0,0.0,0.0,0.0
5,Feb 20,0,0,0,0,0,0.0,0.0,0.0
6,Feb 21,0,0,0,0,0,0.0,0.0,0.0
7,Feb 22,0,0,0,0,0,0.0,0.0,0.0
8,Feb 23,0,0,0,0,0,0.0,0.0,0.0
9,Feb 24,0,0,0,0,0,0.0,0.0,0.0
10,Feb 25,1,0,1,1,0,0.0,0.0,0.0
11,Feb 26,1,0,1,0,0,0.0,1.0,0.0
12,Feb 27,1,0,1,0,0,0.0,1.0,0.0
13,Feb 28,1,0,1,0,0,0.0,1.0,0.0
14,Feb 29,1,0,1,0,0,0.0,1.0,0.0
15,Mar 01,3,0,3,2,0,0.0,3.0,0.0
16,Mar 02,5,0,5,2,0,0.0,1.6666666666666667,0.0
17,Mar 03,8,0,8,3,0,0.0,1.6,0.0
18,Mar 04,17,0,17,9,0,0.0,2.125,0.0
19,Mar 05,17,0,17,0,0,0.0,1.0,0.0
20,Mar 06,17,0,17,0,0,0.0,1.0,0.0
21,Mar 07,19,0,19,2,0,0.0,1.1176470588235294,0.0
22,Mar 08,20,0,20,1,0,0.0,1.0526315789473684,0.0
23,Mar 09,20,0,20,0,0,0.0,1.0,0.0
24,Mar 10,20,0,20,0,0,0.0,1.0,0.0
25,Mar 11,20,0,12,0,0,0.0,1.0,0.0
26,Mar 12,26,2,14,6,2,0.07692307692307693,1.3,0.0
27,Mar 13,26,2,14,0,0,0.07692307692307693,1.0,1.0
28,Mar 14,39,3,26,13,1,0.07692307692307693,1.5,1.5
29,Mar 15,54,4,40,15,1,0.07407407407407407,1.3846153846153846,1.3333333333333333
30,Mar 16,60,4,46,6,0,0.06666666666666667,1.1111111111111112,1.0
31,Mar 17,61,5,46,1,1,0.08196721311475409,1.0166666666666666,1.25
32,Mar 18,75,7,36,14,2,0.09333333333333334,1.2295081967213115,1.4
33,Mar 19,90,9,49,15,2,0.1,1.2,1.2857142857142858
34,Mar 20,94,11,51,4,2,0.11702127659574468,1.0444444444444445,1.2222222222222223
35,Mar 21,139,15,59,45,4,0.1079136690647482,1.4787234042553192,1.3636363636363635
36,Mar 22,201,17,119,62,2,0.0845771144278607,1.4460431654676258,1.1333333333333333
37,Mar 23,230,17,148,29,0,0.07391304347826087,1.144278606965174,1.0
38,Mar 24,264,19,221,34,2,0.07196969696969698,1.1478260869565218,1.1176470588235294
39,Mar 25,302,21,216,38,2,0.0695364238410596,1.143939393939394,1.105263157894737
40,Mar 26,367,25,313,65,4,0.0681198910081744,1.2152317880794703,1.1904761904761905
41,Mar 27,409,26,354,42,1,0.06356968215158924,1.1144414168937329,1.04
42,Mar 28,454,29,394,45,3,0.06387665198237885,1.1100244498777505,1.1153846153846154
43,Mar 29,511,31,449,57,2,0.060665362035225046,1.1255506607929515,1.0689655172413792
44,Mar 30,584,35,512,73,4,0.059931506849315065,1.1428571428571428,1.1290322580645162
45,Mar 31,716,44,626,132,9,0.061452513966480445,1.226027397260274,1.2571428571428571
46,Apr 01,847,58,728,131,14,0.06847697756788666,1.1829608938547487,1.3181818181818181
47,Apr 02,986,86,839,139,28,0.0872210953346856,1.1641086186540732,1.4827586206896552
48,Apr 03,1171,105,1004,185,19,0.089666951323655,1.1876267748478702,1.2209302325581395
49,Apr 04,1251,130,1031,80,25,0.10391686650679456,1.0683176771989753,1.2380952380952381
50,Apr 05,1320,152,1078,69,22,0.11515151515151516,1.0551558752997603,1.1692307692307693
51,Apr 06,1423,173,1160,103,21,0.12157413914265636,1.0780303030303031,1.138157894736842
52,Apr 07,1468,193,1162,45,20,0.13147138964577657,1.0316233309908645,1.115606936416185
53,Apr 08,1572,205,1130,104,12,0.13040712468193386,1.0708446866485013,1.0621761658031088
54,Apr 09,1666,235,1084,94,30,0.14105642256902762,1.059796437659033,1.146341463414634
55,Apr 10,1761,256,1100,95,21,0.14537194775695628,1.0570228091236495,1.0893617021276596
56,Apr 11,1825,275,1090,64,19,0.1506849315068493,1.036342986939239,1.07421875
57,Apr 12,1914,293,1030,89,18,0.15308254963427378,1.0487671232876712,1.0654545454545454
58,Apr 13,1983,313,1069,69,20,0.1578416540595058,1.036050156739812,1.068259385665529
59,Apr 14,2070,326,1053,87,13,0.157487922705314,1.0438729198184569,1.0415335463258786
60,Apr 15,2160,336,1116,90,10,0.15555555555555556,1.0434782608695652,1.030674846625767
61,Apr 16,2268,348,1137,108,12,0.15343915343915343,1.05,1.0357142857142858
62,Apr 17,2418,364,1208,150,16,0.15053763440860216,1.066137566137566,1.0459770114942528
63,Apr 18,2534,367,1273,116,3,0.14483030781373324,1.0479735318444996,1.0082417582417582
64,Apr 19,2629,375,1207,95,8,0.14263978699125143,1.037490134175217,1.021798365122616
65,Apr 20,2718,384,1235,89,9,0.141280353200883,1.0338531761125904,1.024
66,Apr 21,2811,392,1267,93,8,0.13945215225898258,1.034216335540839,1.0208333333333333
67,Apr 22,2910,402,1304,99,10,0.13814432989690723,1.0352187833511206,1.0255102040816326
68,Apr 23,3007,407,1245,97,5,0.13535084802128367,1.0333333333333334,1.0124378109452736
69,Apr 24,3127,415,1304,120,8,0.13271506236008954,1.0399068839374792,1.0196560196560196
70,Apr 25,3256,419,1358,129,4,0.1286855036855037,1.0412535976974737,1.0096385542168675
71,Apr 26,3382,425,1449,126,6,0.12566528681253697,1.0386977886977886,1.0143198090692125
72,Apr 27,3517,432,1527,135,7,0.12283195905601364,1.0399172087522177,1.016470588235294
73,Apr 28,3649,437,1561,132,5,0.11975883803781857,1.0375319874893374,1.0115740740740742
74,Apr 29,3848,444,1702,199,7,0.11538461538461539,1.0545354891751164,1.0160183066361557
75,Apr 30,4006,450,1777,158,6,0.11233150274588118,1.041060291060291,1.0135135135135136
