,Dates,Cases,Deaths,Active Cases,Daily Cases,Daily Deaths,CFR,Cases growth rate,Deaths growth rate
0,Feb 15,0,0,0,0,0,0.0,0.0,0.0
1,Feb 16,0,0,0,0,0,0.0,0.0,0.0
2,Feb 17,0,0,0,0,0,0.0,0.0,0.0
3,Feb 18,0,0,0,0,0,0.0,0.0,0.0
4,Feb 19,0,0,0,0,0,0.0,0.0,0.0
5,Feb 20,0,0,0,0,0,0.0,0.0,0.0
6,Feb 21,0,0,0,0,0,0.0,0.0,0.0
7,Feb 22,0,0,0,0,0,0.0,0.0,0.0
8,Feb 23,0,0,0,0,0,0.0,0.0,0.0
9,Feb 24,0,0,0,0,0,0.0,0.0,0.0
10,Feb 25,0,0,0,0,0,0.0,0.0,0.0
11,Feb 26,0,0,0,0,0,0.0,0.0,0.0
12,Feb 27,0,0,0,0,0,0.0,0.0,0.0
13,Feb 28,0,0,0,0,0,0.0,0.0,0.0
14,Feb 29,0,0,0,0,0,0.0,0.0,0.0
15,Mar 01,0,0,0,0,0,0.0,0.0,0.0
16,Mar 02,0,0,0,0,0,0.0,0.0,0.0
17,Mar 03,1,0,1,1,0,0.0,0.0,0.0
18,Mar 04,1,0,1,0,0,0.0,1.0,0.0
19,Mar 05,2,0,2,1,0,0.0,2.0,0.0
20,Mar 06,8,0,8,6,0,0.0,4.0,0.0
21,Mar 07,9,1,8,1,0,0.1111111111111111,1.125,0.0
22,Mar 08,12,1,11,3,0,0.08333333333333333,1.3333333333333333,1.0
23,Mar 09,17,1,16,5,0,0.058823529411764705,1.4166666666666667,1.0
24,Mar 10,19,1,18,2,0,0.05263157894736842,1.1176470588235294,1.0
25,Mar 11,21,1,20,2,0,0.047619047619047616,1.105263157894737,1.0
26,Mar 12,31,1,30,10,0,0.03225806451612903,1.4761904761904763,1.0
27,Mar 13,34,2,32,3,1,0.058823529411764705,1.096774193548387,2.0
28,Mar 14,45,2,43,11,0,0.044444444444444446,1.3235294117647058,1.0
29,Mar 15,56,2,51,11,0,0.03571428571428571,1.2444444444444445,1.0
30,Mar 16,65,2,60,9,0,0.03076923076923077,1.1607142857142858,1.0
31,Mar 17,79,2,74,14,0,0.02531645569620253,1.2153846153846153,1.0
32,Mar 18,97,2,92,18,0,0.020618556701030927,1.2278481012658229,1.0
33,Mar 19,128,3,122,31,1,0.0234375,1.3195876288659794,1.5
34,Mar 20,158,3,152,30,0,0.0189873417721519,1.234375,1.0
35,Mar 21,158,4,151,0,1,0.02531645569620253,1.0,1.3333333333333333
36,Mar 22,266,4,235,108,0,0.015037593984962405,1.6835443037974684,1.0
37,Mar 23,301,4,246,35,0,0.013289036544850499,1.131578947368421,1.0
38,Mar 24,387,6,329,86,2,0.015503875968992248,1.2857142857142858,1.5
39,Mar 25,502,8,442,115,2,0.01593625498007968,1.297157622739018,1.3333333333333333
40,Mar 26,589,12,505,87,4,0.02037351443123939,1.1733067729083666,1.5
41,Mar 27,589,13,504,0,1,0.022071307300509338,1.0,1.0833333333333333
42,Mar 28,745,19,654,156,6,0.025503355704697986,1.2648556876061121,1.4615384615384615
43,Mar 29,820,20,709,75,1,0.024390243902439025,1.1006711409395973,1.0526315789473684
44,Mar 30,820,23,569,0,3,0.02804878048780488,1.0,1.15
45,Mar 31,1054,27,787,234,4,0.025616698292220113,1.2853658536585366,1.173913043478261
46,Apr 01,1133,32,853,79,5,0.02824360105913504,1.0749525616698292,1.1851851851851851
47,Apr 02,1265,36,973,132,4,0.028458498023715414,1.116504854368932,1.125
48,Apr 03,1353,42,1045,88,6,0.031042128603104215,1.0695652173913044,1.1666666666666667
49,Apr 04,1451,43,1129,98,1,0.029634734665747762,1.0724316334072432,1.0238095238095237
50,Apr 05,1554,46,1228,103,3,0.029601029601029602,1.0709855272226052,1.069767441860465
51,Apr 06,1628,53,1250,74,7,0.032555282555282554,1.0476190476190477,1.1521739130434783
52,Apr 07,1715,60,1317,87,7,0.03498542274052478,1.0534398034398034,1.1320754716981132
53,Apr 08,1795,65,1372,80,5,0.036211699164345405,1.0466472303206997,1.0833333333333333
54,Apr 09,1894,79,1450,99,14,0.04171066525871172,1.0551532033426183,1.2153846153846153
55,Apr 10,1975,82,1518,81,3,0.04151898734177215,1.042766631467793,1.0379746835443038
56,Apr 11,2142,89,1613,167,7,0.041549953314659195,1.0845569620253164,1.0853658536585367
57,Apr 12,2142,90,1584,0,1,0.04201680672268908,1.0,1.0112359550561798
58,Apr 13,2277,98,1664,135,8,0.043039086517347384,1.0630252100840336,1.0888888888888888
59,Apr 14,2277,102,1616,0,4,0.04479578392621871,1.0,1.0408163265306123
60,Apr 15,2571,112,1863,294,10,0.043562816024893036,1.1291172595520422,1.0980392156862746
61,Apr 16,2669,122,1916,98,10,0.04571000374672162,1.0381174640217814,1.0892857142857142
62,Apr 17,2669,123,1880,0,1,0.046084675908579995,1.0,1.0081967213114753
63,Apr 18,2839,132,2022,170,9,0.04649524480450863,1.0636942675159236,1.0731707317073171
64,Apr 19,2941,134,2098,102,2,0.045562733764025844,1.035928143712575,1.0151515151515151
65,Apr 20,3031,142,2152,90,8,0.04684922467832398,1.0306018361101665,1.0597014925373134
66,Apr 21,3144,151,2153,113,9,0.04802798982188295,1.0372814252721874,1.0633802816901408
67,Apr 22,3288,159,2257,144,8,0.048357664233576646,1.0458015267175573,1.0529801324503312
68,Apr 23,3435,165,2351,147,6,0.048034934497816595,1.0447080291970803,1.0377358490566038
69,Apr 24,3607,176,2455,172,11,0.048794011644025505,1.0500727802037846,1.0666666666666667
70,Apr 25,3780,185,2565,173,9,0.04894179894179894,1.047962295536457,1.0511363636363635
71,Apr 26,3892,192,2593,112,7,0.04933196300102775,1.0296296296296297,1.037837837837838
72,Apr 27,4003,197,2666,111,5,0.04921309018236323,1.028520041109969,1.0260416666666667
73,Apr 28,4127,207,2758,124,10,0.0501574993942331,1.0309767674244317,1.0507614213197969
74,Apr 29,4285,214,2879,158,7,0.049941656942823806,1.038284468136661,1.0338164251207729
75,Apr 30,4428,218,2954,143,4,0.04923215898825655,1.0333722287047842,1.0186915887850467
