,Dates,Cases,Deaths,Daily Cases,Daily Deaths,CFR,Cases growth rate,Deaths growth rate
0,Feb 15,0,0,0,0,0.0,0.0,0.0
1,Feb 16,0,0,0,0,0.0,0.0,0.0
2,Feb 17,0,0,0,0,0.0,0.0,0.0
3,Feb 18,0,0,0,0,0.0,0.0,0.0
4,Feb 19,0,0,0,0,0.0,0.0,0.0
5,Feb 20,0,0,0,0,0.0,0.0,0.0
6,Feb 21,0,0,0,0,0.0,0.0,0.0
7,Feb 22,0,0,0,0,0.0,0.0,0.0
8,Feb 23,0,0,0,0,0.0,0.0,0.0
9,Feb 24,0,0,0,0,0.0,0.0,0.0
10,Feb 25,2,0,2,0,0.0,0.0,0.0
11,Feb 26,2,0,0,0,0.0,1.0,0.0
12,Feb 27,5,0,3,0,0.0,2.5,0.0
13,Feb 28,7,0,2,0,0.0,1.4,0.0
14,Feb 29,10,0,3,0,0.0,1.4285714285714286,0.0
15,Mar 01,14,0,4,0,0.0,1.4,0.0
16,Mar 02,18,0,4,0,0.0,1.2857142857142858,0.0
17,Mar 03,24,0,6,0,0.0,1.3333333333333333,0.0
18,Mar 04,29,0,5,0,0.0,1.2083333333333333,0.0
19,Mar 05,43,0,14,0,0.0,1.4827586206896552,0.0
20,Mar 06,66,0,23,0,0.0,1.5348837209302326,0.0
21,Mar 07,81,0,15,0,0.0,1.2272727272727273,0.0
22,Mar 08,104,0,23,0,0.0,1.2839506172839505,0.0
23,Mar 09,131,0,27,0,0.0,1.2596153846153846,0.0
24,Mar 10,182,0,51,0,0.0,1.3893129770992367,0.0
25,Mar 11,246,0,64,0,0.0,1.3516483516483517,0.0
26,Mar 12,361,1,115,1,0.002770083102493075,1.467479674796748,0.0
27,Mar 13,504,1,143,0,0.001984126984126984,1.3961218836565097,1.0
28,Mar 14,655,1,151,0,0.0015267175572519084,1.2996031746031746,1.0
29,Mar 15,860,1,205,0,0.0011627906976744186,1.3129770992366412,1.0
30,Mar 16,1018,3,158,2,0.0029469548133595285,1.1837209302325582,3.0
31,Mar 17,1332,4,314,1,0.003003003003003003,1.3084479371316307,1.3333333333333333
32,Mar 18,1646,4,314,0,0.002430133657351154,1.2357357357357357,1.0
33,Mar 19,2179,6,533,2,0.0027535566773749425,1.3238153098420413,1.5
34,Mar 20,2649,6,470,0,0.0022650056625141564,1.215695273061037,1.0
35,Mar 21,2992,8,343,2,0.00267379679144385,1.1294828237070593,1.3333333333333333
36,Mar 22,3582,16,590,8,0.00446677833612507,1.197192513368984,2.0
37,Mar 23,4474,21,892,5,0.004693786320965579,1.2490228922389726,1.3125
38,Mar 24,5283,28,809,7,0.005300018928639031,1.1808225301743407,1.3333333333333333
39,Mar 25,5588,31,305,3,0.005547602004294917,1.0577323490441037,1.1071428571428572
40,Mar 26,6909,49,1321,18,0.0070921985815602835,1.2363994273443093,1.5806451612903225
41,Mar 27,7697,58,788,9,0.007535403403923607,1.1140541322912143,1.183673469387755
42,Mar 28,8271,68,574,10,0.008221496796034337,1.074574509549175,1.1724137931034482
43,Mar 29,8788,86,517,18,0.00978607191624943,1.0625075565227904,1.2647058823529411
44,Mar 30,9618,108,830,22,0.011228945726762321,1.094446973145198,1.255813953488372
45,Mar 31,10180,128,562,20,0.012573673870333988,1.058432106467041,1.1851851851851851
46,Apr 01,10711,146,531,18,0.013630846793016524,1.0521611001964637,1.140625
47,Apr 02,11129,158,418,12,0.014197142600413335,1.039025301092335,1.082191780821918
48,Apr 03,11524,168,395,10,0.014578271433530025,1.0354928565010333,1.0632911392405062
49,Apr 04,11781,186,257,18,0.01578813343519226,1.0223012842762929,1.1071428571428572
50,Apr 05,12051,204,270,18,0.01692805576300722,1.022918258212376,1.096774193548387
51,Apr 06,12297,220,246,16,0.017890542408717573,1.0204132437142146,1.0784313725490196
52,Apr 07,12639,243,342,23,0.019226204604794683,1.0278116613808246,1.1045454545454545
53,Apr 08,12942,273,303,30,0.021094112192860455,1.0239734156183242,1.123456790123457
54,Apr 09,13244,295,302,22,0.02227423739051646,1.023334878689538,1.0805860805860805
55,Apr 10,13560,319,316,24,0.023525073746312686,1.0238598610691634,1.0813559322033899
56,Apr 11,13806,337,246,18,0.024409676952049833,1.0181415929203539,1.0564263322884013
57,Apr 12,13945,350,139,13,0.02509860164933668,1.0100680863392728,1.0385756676557865
58,Apr 13,14041,368,96,18,0.02620895947582081,1.006884187880961,1.0514285714285714
59,Apr 14,14226,384,185,16,0.026992830029523407,1.013175699736486,1.0434782608695652
60,Apr 15,14350,393,124,9,0.027386759581881533,1.0087164346970336,1.0234375
61,Apr 16,14476,410,126,17,0.028322741088698537,1.008780487804878,1.0432569974554708
62,Apr 17,14595,431,119,21,0.029530661185337443,1.008220502901354,1.051219512195122
63,Apr 18,14671,443,76,12,0.03019562402017586,1.0052072627612196,1.0278422273781902
64,Apr 19,14749,452,78,9,0.030646145501389926,1.005316611001295,1.020316027088036
65,Apr 20,14795,470,46,18,0.031767489016559645,1.003118855515628,1.0398230088495575
66,Apr 21,14873,491,78,21,0.03301284206279836,1.0052720513687057,1.0446808510638297
67,Apr 22,14925,510,52,19,0.034170854271356785,1.0034962684058362,1.0386965376782078
68,Apr 23,15002,522,77,12,0.03479536061858419,1.0051591289782245,1.0235294117647058
69,Apr 24,15071,530,69,8,0.03516687678322606,1.0045993867484335,1.0153256704980842
70,Apr 25,15148,536,77,6,0.03538420913651967,1.0051091500232234,1.0113207547169811
71,Apr 26,15225,542,77,6,0.03559934318555008,1.005083179297597,1.0111940298507462
72,Apr 27,15274,549,49,7,0.035943433285321465,1.0032183908045977,1.0129151291512914
73,Apr 28,15357,569,83,20,0.03705150745588331,1.0054340709702763,1.0364298724954462
74,Apr 29,15402,580,45,11,0.03765744708479418,1.0029302598163703,1.0193321616871704
75,Apr 30,15452,584,50,4,0.03779446026404349,1.003246331645241,1.006896551724138
76,May 01,15531,589,79,5,0.03792415169660679,1.0051126067822935,1.0085616438356164
77,May 02,15558,596,27,7,0.03830826584393881,1.0017384585667375,1.0118845500848896
78,May 03,15597,598,39,2,0.038340706546130664,1.0025067489394524,1.0033557046979866
79,May 04,15621,600,24,2,0.03840983291722681,1.0015387574533565,1.0033444816053512
80,May 05,15650,606,29,6,0.038722044728434504,1.001856475257666,1.01
