,Dates,Cases,Deaths,Active Cases,Daily Cases,Daily Deaths,CFR,Cases growth rate,Deaths growth rate
0,Feb 15,0,0,0,0,0,0.0,0.0,0.0
1,Feb 16,0,0,0,0,0,0.0,0.0,0.0
2,Feb 17,0,0,0,0,0,0.0,0.0,0.0
3,Feb 18,0,0,0,0,0,0.0,0.0,0.0
4,Feb 19,0,0,0,0,0,0.0,0.0,0.0
5,Feb 20,0,0,0,0,0,0.0,0.0,0.0
6,Feb 21,0,0,0,0,0,0.0,0.0,0.0
7,Feb 22,0,0,0,0,0,0.0,0.0,0.0
8,Feb 23,0,0,0,0,0,0.0,0.0,0.0
9,Feb 24,0,0,0,0,0,0.0,0.0,0.0
10,Feb 25,0,0,0,0,0,0.0,0.0,0.0
11,Feb 26,0,0,0,0,0,0.0,0.0,0.0
12,Feb 27,0,0,0,0,0,0.0,0.0,0.0
13,Feb 28,1,0,1,1,0,0.0,0.0,0.0
14,Feb 29,3,0,3,2,0,0.0,3.0,0.0
15,Mar 01,3,0,3,0,0,0.0,1.0,0.0
16,Mar 02,3,0,3,0,0,0.0,1.0,0.0
17,Mar 03,3,0,3,0,0,0.0,1.0,0.0
18,Mar 04,3,0,3,0,0,0.0,1.0,0.0
19,Mar 05,6,0,6,3,0,0.0,2.0,0.0
20,Mar 06,9,0,9,3,0,0.0,1.5,0.0
21,Mar 07,9,0,9,0,0,0.0,1.0,0.0
22,Mar 08,9,0,9,0,0,0.0,1.0,0.0
23,Mar 09,9,0,9,0,0,0.0,1.0,0.0
24,Mar 10,11,0,11,2,0,0.0,1.2222222222222223,0.0
25,Mar 11,11,0,8,0,0,0.0,1.0,0.0
26,Mar 12,15,1,11,4,1,0.06666666666666667,1.3636363636363635,0.0
27,Mar 13,15,1,11,0,0,0.06666666666666667,1.0,1.0
28,Mar 14,19,1,12,4,0,0.05263157894736842,1.2666666666666666,1.0
29,Mar 15,23,1,16,4,0,0.043478260869565216,1.2105263157894737,1.0
30,Mar 16,25,1,18,2,0,0.04,1.0869565217391304,1.0
31,Mar 17,34,1,27,9,0,0.029411764705882353,1.36,1.0
32,Mar 18,34,1,26,0,0,0.029411764705882353,1.0,1.0
33,Mar 19,44,1,36,10,0,0.022727272727272728,1.2941176470588236,1.0
34,Mar 20,44,1,36,0,0,0.022727272727272728,1.0,1.0
35,Mar 21,53,1,41,9,0,0.018867924528301886,1.2045454545454546,1.0
36,Mar 22,65,1,53,12,0,0.015384615384615385,1.2264150943396226,1.0
37,Mar 23,72,1,61,7,0,0.013888888888888888,1.1076923076923078,1.0
38,Mar 24,87,1,76,15,0,0.011494252873563218,1.2083333333333333,1.0
39,Mar 25,93,2,81,6,1,0.021505376344086023,1.0689655172413792,2.0
40,Mar 26,122,3,104,29,1,0.02459016393442623,1.3118279569892473,1.5
41,Mar 27,165,3,147,43,0,0.01818181818181818,1.3524590163934427,1.0
42,Mar 28,182,4,163,17,1,0.02197802197802198,1.103030303030303,1.3333333333333333
43,Mar 29,209,4,190,27,0,0.019138755980861243,1.1483516483516483,1.0
44,Mar 30,273,4,243,64,0,0.014652014652014652,1.30622009569378,1.0
45,Mar 31,298,5,267,25,1,0.016778523489932886,1.0915750915750915,1.25
46,Apr 01,359,5,328,61,0,0.013927576601671309,1.2046979865771812,1.0
47,Apr 02,400,5,369,41,0,0.0125,1.1142061281337048,1.0
48,Apr 03,443,5,406,43,0,0.011286681715575621,1.1075,1.0
49,Apr 04,521,5,484,78,0,0.009596928982725527,1.1760722347629797,1.0
50,Apr 05,584,7,545,63,2,0.011986301369863013,1.1209213051823417,1.4
51,Apr 06,641,7,590,57,0,0.0109204368174727,1.0976027397260273,1.0
52,Apr 07,717,8,665,76,1,0.011157601115760111,1.1185647425897036,1.1428571428571428
53,Apr 08,822,8,751,105,0,0.009732360097323601,1.1464435146443515,1.0
54,Apr 09,926,9,816,104,1,0.009719222462203024,1.1265206812652069,1.125
55,Apr 10,991,10,822,65,1,0.010090817356205853,1.070194384449244,1.1111111111111112
56,Apr 11,1058,11,847,67,1,0.010396975425330813,1.0676084762865792,1.1
57,Apr 12,1098,11,837,40,0,0.010018214936247723,1.0378071833648392,1.0
58,Apr 13,1148,12,847,50,1,0.010452961672473868,1.0455373406193078,1.0909090909090908
59,Apr 14,1197,13,833,49,1,0.01086048454469507,1.0426829268292683,1.0833333333333333
60,Apr 15,1253,13,836,56,0,0.010375099760574621,1.0467836257309941,1.0
61,Apr 16,1283,15,808,30,2,0.011691348402182385,1.0239425379090183,1.1538461538461537
62,Apr 17,1340,15,797,57,0,0.011194029850746268,1.044427123928293,1.0
63,Apr 18,1373,18,765,33,3,0.013109978150036417,1.0246268656716417,1.2
64,Apr 19,1398,19,667,25,1,0.013590844062947067,1.0182083029861617,1.0555555555555556
65,Apr 20,1436,19,626,38,0,0.013231197771587743,1.0271816881258942,1.0
66,Apr 21,1480,20,595,44,1,0.013513513513513514,1.0306406685236769,1.0526315789473684
67,Apr 22,1518,20,591,38,0,0.013175230566534914,1.0256756756756757,1.0
68,Apr 23,1548,20,580,30,0,0.012919896640826873,1.0197628458498025,1.0
69,Apr 24,1592,21,558,44,1,0.013190954773869347,1.028423772609819,1.05
70,Apr 25,1617,21,516,25,0,0.012987012987012988,1.0157035175879396,1.0
71,Apr 26,1645,21,485,28,0,0.01276595744680851,1.0173160173160174,1.0
72,Apr 27,1678,22,494,33,1,0.013110846245530394,1.0200607902735563,1.0476190476190477
73,Apr 28,1717,22,474,39,0,0.0128130460104834,1.0232419547079856,1.0
74,Apr 29,1766,23,476,49,1,0.013023782559456399,1.0285381479324402,1.0454545454545454
75,Apr 30,1804,24,455,38,1,0.013303769401330377,1.0215175537938845,1.0434782608695652
