,Dates,Cases,Deaths,Daily Cases,Daily Deaths,CFR,Cases growth rate,Deaths growth rate
0,Feb 15,0,0,0,0,0.0,0.0,0.0
1,Feb 16,0,0,0,0,0.0,0.0,0.0
2,Feb 17,0,0,0,0,0.0,0.0,0.0
3,Feb 18,0,0,0,0,0.0,0.0,0.0
4,Feb 19,0,0,0,0,0.0,0.0,0.0
5,Feb 20,0,0,0,0,0.0,0.0,0.0
6,Feb 21,0,0,0,0,0.0,0.0,0.0
7,Feb 22,0,0,0,0,0.0,0.0,0.0
8,Feb 23,0,0,0,0,0.0,0.0,0.0
9,Feb 24,0,0,0,0,0.0,0.0,0.0
10,Feb 25,0,0,0,0,0.0,0.0,0.0
11,Feb 26,0,0,0,0,0.0,0.0,0.0
12,Feb 27,0,0,0,0,0.0,0.0,0.0
13,Feb 28,0,0,0,0,0.0,0.0,0.0
14,Feb 29,0,0,0,0,0.0,0.0,0.0
15,Mar 01,0,0,0,0,0.0,0.0,0.0
16,Mar 02,0,0,0,0,0.0,0.0,0.0
17,Mar 03,0,0,0,0,0.0,0.0,0.0
18,Mar 04,0,0,0,0,0.0,0.0,0.0
19,Mar 05,0,0,0,0,0.0,0.0,0.0
20,Mar 06,0,0,0,0,0.0,0.0,0.0
21,Mar 07,0,0,0,0,0.0,0.0,0.0
22,Mar 08,3,0,3,0,0.0,0.0,0.0
23,Mar 09,3,0,0,0,0.0,1.0,0.0
24,Mar 10,3,0,0,0,0.0,1.0,0.0
25,Mar 11,3,0,0,0,0.0,1.0,0.0
26,Mar 12,3,0,0,0,0.0,1.0,0.0
27,Mar 13,3,0,0,0,0.0,1.0,0.0
28,Mar 14,5,0,2,0,0.0,1.6666666666666667,0.0
29,Mar 15,5,0,0,0,0.0,1.0,0.0
30,Mar 16,8,0,3,0,0.0,1.6,0.0
31,Mar 17,10,0,2,0,0.0,1.25,0.0
32,Mar 18,14,1,4,0,0.07142857142857142,1.4,0.0
33,Mar 19,18,1,4,0,0.05555555555555555,1.2857142857142858,1.0
34,Mar 20,20,1,2,0,0.05,1.1111111111111112,1.0
35,Mar 21,24,2,4,1,0.08333333333333333,1.2,2.0
36,Mar 22,27,2,3,0,0.07407407407407407,1.125,1.0
37,Mar 23,33,3,6,1,0.09090909090909091,1.2222222222222223,1.5
38,Mar 24,39,4,6,1,0.10256410256410256,1.1818181818181819,1.3333333333333333
39,Mar 25,39,5,0,1,0.1282051282051282,1.0,1.25
40,Mar 26,44,5,5,0,0.11363636363636363,1.1282051282051282,1.0
41,Mar 27,48,5,4,0,0.10416666666666667,1.0909090909090908,1.0
42,Mar 28,48,5,0,0,0.10416666666666667,1.0,1.0
43,Mar 29,48,5,0,0,0.10416666666666667,1.0,1.0
44,Mar 30,49,5,1,0,0.10204081632653061,1.0208333333333333,1.0
45,Mar 31,51,5,2,0,0.09803921568627451,1.0408163265306123,1.0
46,Apr 01,54,6,3,1,0.1111111111111111,1.0588235294117647,1.2
47,Apr 02,56,6,2,0,0.10714285714285714,1.037037037037037,1.0
48,Apr 03,61,6,5,0,0.09836065573770492,1.0892857142857142,1.0
49,Apr 04,70,8,9,2,0.11428571428571428,1.1475409836065573,1.3333333333333333
50,Apr 05,88,9,18,1,0.10227272727272728,1.2571428571428571,1.125
51,Apr 06,123,12,35,3,0.0975609756097561,1.3977272727272727,1.3333333333333333
52,Apr 07,164,17,41,5,0.10365853658536585,1.3333333333333333,1.4166666666666667
53,Apr 08,218,20,54,3,0.09174311926605505,1.329268292682927,1.1764705882352942
54,Apr 09,330,21,112,1,0.06363636363636363,1.5137614678899083,1.05
55,Apr 10,424,27,94,6,0.06367924528301887,1.284848484848485,1.2857142857142858
56,Apr 11,482,30,58,3,0.06224066390041494,1.1367924528301887,1.1111111111111112
57,Apr 12,621,34,139,4,0.05475040257648953,1.2883817427385893,1.1333333333333333
58,Apr 13,803,39,182,5,0.048567870485678705,1.2930756843800322,1.1470588235294117
59,Apr 14,1012,46,209,7,0.045454545454545456,1.2602739726027397,1.1794871794871795
60,Apr 15,1231,50,219,4,0.04061738424045491,1.216403162055336,1.0869565217391304
61,Apr 16,1572,60,341,10,0.03816793893129771,1.2770105605199025,1.2
62,Apr 17,1838,75,266,15,0.040805223068552776,1.1692111959287532,1.25
63,Apr 18,2144,84,306,9,0.03917910447761194,1.1664853101196953,1.12
64,Apr 19,2456,91,312,7,0.03705211726384365,1.1455223880597014,1.0833333333333333
65,Apr 20,2948,101,492,10,0.03426051560379918,1.200325732899023,1.10989010989011
66,Apr 21,3382,110,434,9,0.03252513305736251,1.1472184531886025,1.0891089108910892
67,Apr 22,3772,120,390,10,0.031813361611876985,1.1153163808397397,1.0909090909090908
68,Apr 23,4186,127,414,7,0.030339225991399904,1.1097560975609757,1.0583333333333333
69,Apr 24,4689,131,503,4,0.027937726594156536,1.1201624462494029,1.031496062992126
70,Apr 25,4998,140,309,9,0.028011204481792718,1.0658989123480487,1.0687022900763359
71,Apr 26,5416,145,418,5,0.026772525849335302,1.0836334533813525,1.0357142857142858
72,Apr 27,5913,152,497,7,0.025706071368171823,1.091765140324963,1.0482758620689656
73,Apr 28,6462,155,549,3,0.023986381925100587,1.0928462709284628,1.019736842105263
74,Apr 29,7103,163,641,8,0.022948050119667746,1.0991952955741258,1.0516129032258064
75,Apr 30,7667,168,564,5,0.021912090778661797,1.0794030691257215,1.030674846625767
76,May 01,8238,170,571,2,0.020636076717649915,1.0744750228250946,1.0119047619047619
77,May 02,8790,175,552,5,0.019908987485779295,1.067006554989075,1.0294117647058822
78,May 03,9455,177,665,2,0.01872025383395029,1.0756541524459613,1.0114285714285713
79,May 04,10143,182,688,5,0.017943409247757072,1.0727657324167108,1.0282485875706215
80,May 05,10929,183,786,1,0.01674444139445512,1.077491866311742,1.0054945054945055
