,Dates,Cases,Deaths,Active Cases,Daily Cases,Daily Deaths,CFR,Cases growth rate,Deaths growth rate
0,Feb 15,0,0,0,0,0,0.0,0.0,0.0
1,Feb 16,0,0,0,0,0,0.0,0.0,0.0
2,Feb 17,0,0,0,0,0,0.0,0.0,0.0
3,Feb 18,0,0,0,0,0,0.0,0.0,0.0
4,Feb 19,0,0,0,0,0,0.0,0.0,0.0
5,Feb 20,0,0,0,0,0,0.0,0.0,0.0
6,Feb 21,0,0,0,0,0,0.0,0.0,0.0
7,Feb 22,0,0,0,0,0,0.0,0.0,0.0
8,Feb 23,0,0,0,0,0,0.0,0.0,0.0
9,Feb 24,0,0,0,0,0,0.0,0.0,0.0
10,Feb 25,0,0,0,0,0,0.0,0.0,0.0
11,Feb 26,0,0,0,0,0,0.0,0.0,0.0
12,Feb 27,0,0,0,0,0,0.0,0.0,0.0
13,Feb 28,0,0,0,0,0,0.0,0.0,0.0
14,Feb 29,0,0,0,0,0,0.0,0.0,0.0
15,Mar 01,0,0,0,0,0,0.0,0.0,0.0
16,Mar 02,0,0,0,0,0,0.0,0.0,0.0
17,Mar 03,1,0,1,1,0,0.0,0.0,0.0
18,Mar 04,3,0,3,2,0,0.0,3.0,0.0
19,Mar 05,4,0,4,1,0,0.0,1.3333333333333333,0.0
20,Mar 06,5,0,5,1,0,0.0,1.25,0.0
21,Mar 07,7,0,7,2,0,0.0,1.4,0.0
22,Mar 08,10,0,10,3,0,0.0,1.4285714285714286,0.0
23,Mar 09,13,0,13,3,0,0.0,1.3,0.0
24,Mar 10,17,0,17,4,0,0.0,1.3076923076923077,0.0
25,Mar 11,23,0,23,6,0,0.0,1.3529411764705883,0.0
26,Mar 12,33,0,33,10,0,0.0,1.434782608695652,0.0
27,Mar 13,43,0,43,10,0,0.0,1.303030303030303,0.0
28,Mar 14,61,0,61,18,0,0.0,1.4186046511627908,0.0
29,Mar 15,75,0,75,14,0,0.0,1.2295081967213115,0.0
30,Mar 16,156,0,156,81,0,0.0,2.08,0.0
31,Mar 17,201,0,201,45,0,0.0,1.2884615384615385,0.0
32,Mar 18,238,0,238,37,0,0.0,1.1840796019900497,0.0
33,Mar 19,342,0,342,104,0,0.0,1.4369747899159664,0.0
34,Mar 20,434,0,428,92,0,0.0,1.2690058479532165,0.0
35,Mar 21,537,1,528,103,0,0.00186219739292365,1.237327188940092,0.0
36,Mar 22,632,1,623,95,0,0.0015822784810126582,1.1769087523277468,1.0
37,Mar 23,746,2,733,114,1,0.002680965147453083,1.1803797468354431,2.0
38,Mar 24,922,2,903,176,0,0.0021691973969631237,1.2359249329758712,1.0
39,Mar 25,1142,3,1117,220,1,0.002626970227670753,1.2386117136659436,1.5
40,Mar 26,1306,4,1280,164,1,0.0030627871362940277,1.1436077057793346,1.3333333333333333
41,Mar 27,1610,5,1562,304,1,0.003105590062111801,1.2327718223583461,1.25
42,Mar 28,1909,6,1842,299,1,0.003143006809848088,1.1857142857142857,1.2
43,Mar 29,2139,7,2057,230,1,0.0032725572697522207,1.1204819277108433,1.1666666666666667
44,Mar 30,2449,8,2285,310,1,0.0032666394446712946,1.144927536231884,1.1428571428571428
45,Mar 31,2738,12,2570,289,4,0.004382761139517896,1.1180073499387506,1.5
46,Apr 01,3031,16,2781,293,4,0.005278785879247773,1.1070124178232286,1.3333333333333333
47,Apr 02,3404,18,3051,373,2,0.005287896592244419,1.1230616958099637,1.125
48,Apr 03,3737,22,3288,333,4,0.005887075194005887,1.0978260869565217,1.2222222222222223
49,Apr 04,4161,27,3606,424,5,0.006488824801730353,1.1134599946481134,1.2272727272727273
50,Apr 05,4471,34,3819,310,7,0.0076045627376425855,1.074501321797645,1.2592592592592593
51,Apr 06,4815,37,4050,344,3,0.0076843198338525445,1.0769402818161484,1.088235294117647
52,Apr 07,5116,43,4175,301,6,0.008405003909304144,1.0625129802699895,1.162162162162162
53,Apr 08,5546,48,4383,430,5,0.00865488640461594,1.0840500390930414,1.1162790697674418
54,Apr 09,5972,57,4641,426,9,0.009544541192230409,1.0768121168409666,1.1875
55,Apr 10,6501,65,4865,529,8,0.009998461775111522,1.0885800401875418,1.1403508771929824
56,Apr 11,6927,73,4990,426,8,0.010538472643279919,1.0655283802491924,1.123076923076923
57,Apr 12,7213,80,5074,286,7,0.011091085539997228,1.0412877147394255,1.095890410958904
58,Apr 13,7525,82,5076,312,2,0.010897009966777409,1.0432552336059893,1.025
59,Apr 14,7917,92,5179,392,10,0.011620563344701275,1.0520930232558139,1.1219512195121952
60,Apr 15,8273,94,5242,356,2,0.01136226278254563,1.0449665277251483,1.0217391304347827
61,Apr 16,8807,105,5403,534,11,0.011922334506642443,1.064547322615738,1.1170212765957446
62,Apr 17,9252,116,5515,445,11,0.012537829658452227,1.0505279890995798,1.1047619047619048
63,Apr 18,9730,126,5569,478,10,0.012949640287769784,1.051664504971898,1.0862068965517242
64,Apr 19,10088,133,5617,358,7,0.013183980967486122,1.036793422404933,1.0555555555555556
65,Apr 20,10507,139,5692,419,6,0.013229275720947939,1.0415344964314037,1.0451127819548873
66,Apr 21,10832,147,5716,325,8,0.013570901033973412,1.0309317597791947,1.0575539568345325
67,Apr 22,11296,160,5750,464,13,0.014164305949008499,1.0428360413589366,1.08843537414966
68,Apr 23,11812,168,5840,516,8,0.014222824246528954,1.0456798866855523,1.05
69,Apr 24,12306,174,5805,494,6,0.014139444173573866,1.0418218760582458,1.0357142857142858
70,Apr 25,12858,181,5931,552,7,0.014076839321822989,1.044856167723062,1.0402298850574712
71,Apr 26,13331,189,6118,473,8,0.014177481059185357,1.0367864364597916,1.0441988950276244
72,Apr 27,13813,198,6288,482,9,0.014334322739448346,1.0361563273572876,1.0476190476190477
73,Apr 28,14365,207,6448,552,9,0.014410024364775497,1.0399623543039167,1.0454545454545454
74,Apr 29,14885,216,6612,520,9,0.014511252939200537,1.0361990950226245,1.0434782608695652
