,Dates,Cases,Deaths,Daily Cases,Daily Deaths,CFR,Cases growth rate,Deaths growth rate
0,Feb 15,0,0,0,0,0.0,0.0,0.0
1,Feb 16,0,0,0,0,0.0,0.0,0.0
2,Feb 17,0,0,0,0,0.0,0.0,0.0
3,Feb 18,0,0,0,0,0.0,0.0,0.0
4,Feb 19,0,0,0,0,0.0,0.0,0.0
5,Feb 20,0,0,0,0,0.0,0.0,0.0
6,Feb 21,0,0,0,0,0.0,0.0,0.0
7,Feb 22,0,0,0,0,0.0,0.0,0.0
8,Feb 23,0,0,0,0,0.0,0.0,0.0
9,Feb 24,0,0,0,0,0.0,0.0,0.0
10,Feb 25,0,0,0,0,0.0,0.0,0.0
11,Feb 26,0,0,0,0,0.0,0.0,0.0
12,Feb 27,0,0,0,0,0.0,0.0,0.0
13,Feb 28,0,0,0,0,0.0,0.0,0.0
14,Feb 29,0,0,0,0,0.0,0.0,0.0
15,Mar 01,0,0,0,0,0.0,0.0,0.0
16,Mar 02,0,0,0,0,0.0,0.0,0.0
17,Mar 03,0,0,0,0,0.0,0.0,0.0
18,Mar 04,0,0,0,0,0.0,0.0,0.0
19,Mar 05,0,0,0,0,0.0,0.0,0.0
20,Mar 06,1,0,1,0,0.0,0.0,0.0
21,Mar 07,1,0,0,0,0.0,1.0,0.0
22,Mar 08,1,0,0,0,0.0,1.0,0.0
23,Mar 09,3,0,2,0,0.0,3.0,0.0
24,Mar 10,3,0,0,0,0.0,1.0,0.0
25,Mar 11,9,0,6,0,0.0,3.0,0.0
26,Mar 12,9,0,0,0,0.0,1.0,0.0
27,Mar 13,16,0,7,0,0.0,1.7777777777777777,0.0
28,Mar 14,24,0,8,0,0.0,1.5,0.0
29,Mar 15,34,0,10,0,0.0,1.4166666666666667,0.0
30,Mar 16,54,0,20,0,0.0,1.588235294117647,0.0
31,Mar 17,65,0,11,0,0.0,1.2037037037037037,0.0
32,Mar 18,93,0,28,0,0.0,1.4307692307692308,0.0
33,Mar 19,108,0,15,0,0.0,1.1612903225806452,0.0
34,Mar 20,145,0,37,0,0.0,1.3425925925925926,0.0
35,Mar 21,196,0,51,0,0.0,1.3517241379310345,0.0
36,Mar 22,231,2,35,0,0.008658008658008658,1.1785714285714286,0.0
37,Mar 23,277,3,46,1,0.010830324909747292,1.199134199134199,1.5
38,Mar 24,378,3,101,0,0.007936507936507936,1.364620938628159,1.0
39,Mar 25,470,4,92,1,0.00851063829787234,1.2433862433862435,1.3333333333333333
40,Mar 26,491,6,21,2,0.012219959266802444,1.0446808510638297,1.5
41,Mar 27,539,6,48,0,0.011131725417439703,1.0977596741344195,1.0
42,Mar 28,608,6,69,0,0.009868421052631578,1.1280148423005565,1.0
43,Mar 29,702,10,94,4,0.014245014245014245,1.1546052631578947,1.6666666666666667
44,Mar 30,798,14,96,4,0.017543859649122806,1.1367521367521367,1.4
45,Mar 31,906,16,108,2,0.017660044150110375,1.1353383458646618,1.1428571428571428
46,Apr 01,1065,17,159,1,0.01596244131455399,1.1754966887417218,1.0625
47,Apr 02,1161,19,96,2,0.01636520241171404,1.0901408450704226,1.1176470588235294
48,Apr 03,1267,25,106,6,0.01973164956590371,1.09130060292851,1.3157894736842106
49,Apr 04,1406,32,139,7,0.02275960170697013,1.1097079715864246,1.28
50,Apr 05,1485,35,79,3,0.02356902356902357,1.0561877667140824,1.09375
51,Apr 06,1579,46,94,11,0.029132362254591513,1.0632996632996632,1.3142857142857143
52,Apr 07,1780,50,201,4,0.028089887640449437,1.1272957568081063,1.0869565217391304
53,Apr 08,2054,55,274,5,0.026777020447906523,1.1539325842696628,1.1
54,Apr 09,2223,69,169,14,0.0310391363022942,1.0822784810126582,1.2545454545454546
55,Apr 10,2473,80,250,11,0.03234937323089365,1.1124606387764282,1.1594202898550725
56,Apr 11,2709,100,236,20,0.0369139904023625,1.0954306510311362,1.25
57,Apr 12,2776,109,67,9,0.03926512968299712,1.0247323735695828,1.09
58,Apr 13,2852,112,76,3,0.03927068723702665,1.0273775216138328,1.0275229357798166
59,Apr 14,2979,127,127,15,0.042631755622692176,1.0445301542777,1.1339285714285714
60,Apr 15,3105,131,126,4,0.04219001610305958,1.042296072507553,1.031496062992126
61,Apr 16,3233,144,128,13,0.04454067429631921,1.0412238325281804,1.099236641221374
62,Apr 17,3439,153,206,9,0.04448967723175341,1.06371790906279,1.0625
63,Apr 18,3621,166,182,13,0.04584368958851146,1.0529223611514975,1.0849673202614378
64,Apr 19,3792,179,171,13,0.04720464135021097,1.0472245236122617,1.0783132530120483
65,Apr 20,3977,189,185,10,0.04752325873774202,1.0487869198312236,1.0558659217877095
66,Apr 21,4149,196,172,7,0.04724029886719691,1.0432486799094796,1.037037037037037
67,Apr 22,4356,206,207,10,0.0472910927456382,1.0498915401301518,1.0510204081632653
68,Apr 23,4561,215,205,9,0.04713878535408902,1.0470615243342516,1.0436893203883495
69,Apr 24,4881,225,320,10,0.046097111247695145,1.0701600526200394,1.0465116279069768
70,Apr 25,5142,233,261,8,0.045313107740178916,1.0534726490473263,1.0355555555555556
71,Apr 26,5379,244,237,11,0.04536159137386131,1.046091015169195,1.0472103004291846
72,Apr 27,5597,253,218,9,0.04520278720743255,1.040527979178286,1.0368852459016393
73,Apr 28,5949,269,352,16,0.04521768364430997,1.0628908343755583,1.0632411067193677
74,Apr 29,6207,278,258,9,0.044788142419848555,1.043368633383762,1.033457249070632
75,Apr 30,6507,293,300,15,0.045028430920547105,1.0483325277912035,1.0539568345323742
76,May 01,7006,314,499,21,0.044818726805595205,1.0766866451513755,1.0716723549488054
77,May 02,7285,324,279,10,0.044474948524365135,1.0398230088495575,1.0318471337579618
78,May 03,7668,340,383,16,0.04434011476264997,1.052573781743308,1.0493827160493827
79,May 04,7973,358,305,18,0.04490154270663489,1.0397756911841418,1.0529411764705883
80,May 05,8613,378,640,20,0.0438871473354232,1.0802709143358835,1.0558659217877095
