,Dates,Cases,Deaths,Active Cases,Daily Cases,Daily Deaths,CFR,Cases growth rate,Deaths growth rate
0,Feb 15,0,0,0,0,0,0.0,0.0,0.0
1,Feb 16,0,0,0,0,0,0.0,0.0,0.0
2,Feb 17,0,0,0,0,0,0.0,0.0,0.0
3,Feb 18,0,0,0,0,0,0.0,0.0,0.0
4,Feb 19,0,0,0,0,0,0.0,0.0,0.0
5,Feb 20,0,0,0,0,0,0.0,0.0,0.0
6,Feb 21,0,0,0,0,0,0.0,0.0,0.0
7,Feb 22,0,0,0,0,0,0.0,0.0,0.0
8,Feb 23,0,0,0,0,0,0.0,0.0,0.0
9,Feb 24,0,0,0,0,0,0.0,0.0,0.0
10,Feb 25,0,0,0,0,0,0.0,0.0,0.0
11,Feb 26,0,0,0,0,0,0.0,0.0,0.0
12,Feb 27,0,0,0,0,0,0.0,0.0,0.0
13,Feb 28,0,0,0,0,0,0.0,0.0,0.0
14,Feb 29,0,0,0,0,0,0.0,0.0,0.0
15,Mar 01,0,0,0,0,0,0.0,0.0,0.0
16,Mar 02,0,0,0,0,0,0.0,0.0,0.0
17,Mar 03,0,0,0,0,0,0.0,0.0,0.0
18,Mar 04,0,0,0,0,0,0.0,0.0,0.0
19,Mar 05,0,0,0,0,0,0.0,0.0,0.0
20,Mar 06,0,0,0,0,0,0.0,0.0,0.0
21,Mar 07,0,0,0,0,0,0.0,0.0,0.0
22,Mar 08,0,0,0,0,0,0.0,0.0,0.0
23,Mar 09,2,0,2,2,0,0.0,0.0,0.0
24,Mar 10,2,0,2,0,0,0.0,1.0,0.0
25,Mar 11,6,0,6,4,0,0.0,3.0,0.0
26,Mar 12,10,0,10,4,0,0.0,1.6666666666666667,0.0
27,Mar 13,14,0,14,4,0,0.0,1.4,0.0
28,Mar 14,26,0,26,12,0,0.0,1.8571428571428572,0.0
29,Mar 15,33,0,33,7,0,0.0,1.2692307692307692,0.0
30,Mar 16,46,0,46,13,0,0.0,1.393939393939394,0.0
31,Mar 17,49,0,49,3,0,0.0,1.065217391304348,0.0
32,Mar 18,58,0,58,9,0,0.0,1.183673469387755,0.0
33,Mar 19,67,0,67,9,0,0.0,1.1551724137931034,0.0
34,Mar 20,75,0,75,8,0,0.0,1.1194029850746268,0.0
35,Mar 21,84,1,80,9,0,0.011904761904761904,1.12,0.0
36,Mar 22,95,1,91,11,0,0.010526315789473684,1.130952380952381,1.0
37,Mar 23,116,1,112,21,0,0.008620689655172414,1.2210526315789474,1.0
38,Mar 24,124,3,118,8,0,0.024193548387096774,1.0689655172413792,3.0
39,Mar 25,132,3,126,8,0,0.022727272727272728,1.064516129032258,1.0
40,Mar 26,146,3,139,14,0,0.02054794520547945,1.106060606060606,1.0
41,Mar 27,162,5,142,16,0,0.030864197530864196,1.1095890410958904,1.6666666666666667
42,Mar 28,179,5,159,17,0,0.027932960893854747,1.1049382716049383,1.0
43,Mar 29,214,6,193,35,0,0.028037383177570093,1.1955307262569832,1.2
44,Mar 30,230,7,201,16,0,0.030434782608695653,1.074766355140187,1.1666666666666667
45,Mar 31,262,8,231,32,0,0.030534351145038167,1.1391304347826088,1.1428571428571428
46,Apr 01,320,9,283,58,0,0.028125,1.2213740458015268,1.125
47,Apr 02,356,10,318,36,0,0.028089887640449437,1.1125,1.1111111111111112
48,Apr 03,396,11,357,40,0,0.027777777777777776,1.1123595505617978,1.1
49,Apr 04,426,9,384,30,0,0.02112676056338028,1.0757575757575757,0.8181818181818182
50,Apr 05,446,9,400,20,0,0.020179372197309416,1.0469483568075117,1.0
51,Apr 06,465,9,411,19,0,0.01935483870967742,1.0426008968609866,1.0
52,Apr 07,494,9,438,29,0,0.018218623481781375,1.0623655913978494,1.0
53,Apr 08,526,9,465,32,0,0.017110266159695818,1.0647773279352226,1.0
54,Apr 09,564,10,501,38,0,0.01773049645390071,1.0722433460076046,1.1111111111111112
55,Apr 10,595,10,527,31,0,0.01680672268907563,1.0549645390070923,1.0
56,Apr 11,616,10,545,21,0,0.016233766233766232,1.035294117647059,1.0
57,Apr 12,633,11,557,17,0,0.017377567140600316,1.0275974025974026,1.1
58,Apr 13,662,12,585,29,0,0.01812688821752266,1.0458135860979463,1.0909090909090908
59,Apr 14,695,12,618,33,0,0.017266187050359712,1.0498489425981874,1.0
60,Apr 15,715,12,638,20,0,0.016783216783216783,1.0287769784172662,1.0
61,Apr 16,735,12,646,20,0,0.0163265306122449,1.027972027972028,1.0
62,Apr 17,750,12,661,15,0,0.016,1.0204081632653061,1.0
63,Apr 18,761,12,670,11,0,0.01576872536136662,1.0146666666666666,1.0
64,Apr 19,767,12,674,6,0,0.01564537157757497,1.0078843626806833,1.0
65,Apr 20,772,12,679,5,0,0.015544041450777202,1.0065189048239895,1.0
66,Apr 21,784,12,674,12,0,0.015306122448979591,1.0155440414507773,1.0
67,Apr 22,790,13,679,6,0,0.016455696202531647,1.0076530612244898,1.0833333333333333
68,Apr 23,795,13,684,5,0,0.016352201257861635,1.0063291139240507,1.0
69,Apr 24,804,14,692,9,0,0.017412935323383085,1.0113207547169811,1.0769230769230769
