,Dates,Cases,Deaths,Active Cases,Daily Cases,Daily Deaths,CFR,Cases growth rate,Deaths growth rate
0,Feb 15,0,0,0,0,0,0.0,0.0,0.0
1,Feb 16,0,0,0,0,0,0.0,0.0,0.0
2,Feb 17,0,0,0,0,0,0.0,0.0,0.0
3,Feb 18,0,0,0,0,0,0.0,0.0,0.0
4,Feb 19,0,0,0,0,0,0.0,0.0,0.0
5,Feb 20,0,0,0,0,0,0.0,0.0,0.0
6,Feb 21,0,0,0,0,0,0.0,0.0,0.0
7,Feb 22,0,0,0,0,0,0.0,0.0,0.0
8,Feb 23,0,0,0,0,0,0.0,0.0,0.0
9,Feb 24,0,0,0,0,0,0.0,0.0,0.0
10,Feb 25,0,0,0,0,0,0.0,0.0,0.0
11,Feb 26,0,0,0,0,0,0.0,0.0,0.0
12,Feb 27,0,0,0,0,0,0.0,0.0,0.0
13,Feb 28,0,0,0,0,0,0.0,0.0,0.0
14,Feb 29,0,0,0,0,0,0.0,0.0,0.0
15,Mar 01,1,0,1,1,0,0.0,0.0,0.0
16,Mar 02,1,0,1,0,0,0.0,1.0,0.0
17,Mar 03,1,0,1,0,0,0.0,1.0,0.0
18,Mar 04,1,0,1,0,0,0.0,1.0,0.0
19,Mar 05,1,0,1,0,0,0.0,1.0,0.0
20,Mar 06,2,0,2,1,0,0.0,2.0,0.0
21,Mar 07,2,0,2,0,0,0.0,1.0,0.0
22,Mar 08,5,0,5,3,0,0.0,2.5,0.0
23,Mar 09,5,0,5,0,0,0.0,1.0,0.0
24,Mar 10,5,0,5,0,0,0.0,1.0,0.0
25,Mar 11,5,0,5,0,0,0.0,1.0,0.0
26,Mar 12,5,0,5,0,0,0.0,1.0,0.0
27,Mar 13,5,0,5,0,0,0.0,1.0,0.0
28,Mar 14,11,0,11,6,0,0.0,2.2,0.0
29,Mar 15,11,0,11,0,0,0.0,1.0,0.0
30,Mar 16,21,1,20,10,1,0.047619047619047616,1.9090909090909092,0.0
31,Mar 17,21,1,20,0,0,0.047619047619047616,1.0,1.0
32,Mar 18,34,2,32,13,1,0.058823529411764705,1.619047619047619,2.0
33,Mar 19,34,2,32,0,0,0.058823529411764705,1.0,1.0
34,Mar 20,72,2,70,38,0,0.027777777777777776,2.1176470588235294,1.0
35,Mar 21,112,3,109,40,1,0.026785714285714284,1.5555555555555556,1.5
36,Mar 22,202,3,199,90,0,0.01485148514851485,1.8035714285714286,1.0
37,Mar 23,245,3,239,43,0,0.012244897959183673,1.2128712871287128,1.0
38,Mar 24,312,6,303,67,3,0.019230769230769232,1.273469387755102,2.0
39,Mar 25,392,10,379,80,4,0.025510204081632654,1.2564102564102564,1.6666666666666667
40,Mar 26,488,10,475,96,0,0.020491803278688523,1.2448979591836735,1.0
41,Mar 27,581,20,558,93,10,0.03442340791738382,1.1905737704918034,2.0
42,Mar 28,719,28,688,138,8,0.03894297635605007,1.2375215146299483,1.4
43,Mar 29,859,39,817,140,11,0.04540162980209546,1.1947148817802504,1.3928571428571428
44,Mar 30,901,42,855,42,3,0.04661487236403995,1.048894062863795,1.0769230769230769
45,Mar 31,1109,51,1053,208,9,0.045987376014427414,1.2308546059933407,1.2142857142857142
46,Apr 01,1284,57,1218,175,6,0.04439252336448598,1.157799819657349,1.1176470588235294
47,Apr 02,1380,60,1304,96,3,0.043478260869565216,1.074766355140187,1.0526315789473684
48,Apr 03,1488,68,1404,108,8,0.0456989247311828,1.0782608695652174,1.1333333333333333
49,Apr 04,1578,77,1484,90,9,0.048795944233206594,1.060483870967742,1.1323529411764706
50,Apr 05,1745,82,1646,167,5,0.04699140401146132,1.105830164765526,1.0649350649350648
51,Apr 06,1828,86,1709,83,4,0.047045951859956234,1.04756446991404,1.048780487804878
52,Apr 07,1956,98,1822,128,12,0.050102249488752554,1.0700218818380745,1.1395348837209303
53,Apr 08,2111,108,1953,155,10,0.05116058739933681,1.079243353783231,1.1020408163265305
54,Apr 09,2349,118,2151,238,10,0.05023414218816517,1.1127427759355755,1.0925925925925926
55,Apr 10,2620,126,2396,271,8,0.048091603053435114,1.1153682418050235,1.0677966101694916
56,Apr 11,2759,135,2516,139,9,0.04893077201884741,1.0530534351145038,1.0714285714285714
57,Apr 12,2967,173,2663,208,38,0.058308055274688235,1.0753896339253353,1.2814814814814814
58,Apr 13,3167,177,2838,200,4,0.055888853804862644,1.0674081563869229,1.023121387283237
59,Apr 14,3286,183,2941,119,6,0.055690809494826535,1.0375749921060942,1.0338983050847457
60,Apr 15,3614,189,3217,328,6,0.052296624239070284,1.0998174071819842,1.0327868852459017
61,Apr 16,3755,196,3344,141,7,0.052197070572569906,1.0390149418926398,1.037037037037037
62,Apr 17,4126,200,3658,371,4,0.048473097430925836,1.0988015978695074,1.0204081632653061
63,Apr 18,4335,217,3806,209,17,0.05005767012687428,1.0506543868153175,1.085
64,Apr 19,4680,226,4091,345,9,0.04829059829059829,1.0795847750865053,1.0414746543778801
65,Apr 20,4964,235,4313,284,9,0.04734085414987913,1.0606837606837607,1.0398230088495575
66,Apr 21,5044,245,4336,80,10,0.0485725614591594,1.016116035455278,1.0425531914893618
67,Apr 22,5300,260,4459,256,15,0.04905660377358491,1.0507533703409992,1.0612244897959184
68,Apr 23,5543,265,4697,243,5,0.047808046184376694,1.0458490566037735,1.0192307692307692
69,Apr 24,5749,267,4719,206,2,0.04644285962776135,1.0371639906187984,1.0075471698113208
