,Dates,Cases,Deaths,Daily Cases,Daily Deaths,CFR,Cases growth rate,Deaths growth rate
0,Feb 15,12,1,0,0,0.08333333333333333,7.036018551635581e-05,3.916807018918178e-05
1,Feb 16,12,1,0,0,0.08333333333333333,1.0,1.0
2,Feb 17,12,1,0,0,0.08333333333333333,1.0,1.0
3,Feb 18,12,1,0,0,0.08333333333333333,1.0,1.0
4,Feb 19,12,1,0,0,0.08333333333333333,1.0,1.0
5,Feb 20,12,1,0,0,0.08333333333333333,1.0,1.0
6,Feb 21,12,1,0,0,0.08333333333333333,1.0,1.0
7,Feb 22,12,1,0,0,0.08333333333333333,1.0,1.0
8,Feb 23,12,1,0,0,0.08333333333333333,1.0,1.0
9,Feb 24,12,1,0,0,0.08333333333333333,1.0,1.0
10,Feb 25,14,1,2,0,0.07142857142857142,1.1666666666666667,1.0
11,Feb 26,18,2,4,1,0.1111111111111111,1.2857142857142858,2.0
12,Feb 27,38,2,20,0,0.05263157894736842,2.111111111111111,1.0
13,Feb 28,57,2,19,0,0.03508771929824561,1.5,1.0
14,Feb 29,100,2,43,0,0.02,1.7543859649122806,1.0
15,Mar 01,130,2,30,0,0.015384615384615385,1.3,1.0
16,Mar 02,191,3,61,1,0.015706806282722512,1.4692307692307693,1.5
17,Mar 03,212,4,21,1,0.018867924528301886,1.1099476439790577,1.3333333333333333
18,Mar 04,285,4,73,0,0.014035087719298246,1.3443396226415094,1.0
19,Mar 05,423,7,138,3,0.016548463356973995,1.4842105263157894,1.75
20,Mar 06,653,9,230,2,0.013782542113323124,1.5437352245862883,1.2857142857142858
21,Mar 07,949,16,296,7,0.01685985247629083,1.4532924961715161,1.7777777777777777
22,Mar 08,1209,19,260,3,0.015715467328370553,1.273972602739726,1.1875
23,Mar 09,1412,30,203,11,0.021246458923512748,1.1679073614557485,1.5789473684210527
24,Mar 10,1784,33,372,3,0.018497757847533634,1.2634560906515582,1.1
25,Mar 11,2281,48,497,15,0.02104340201665936,1.2785874439461884,1.4545454545454546
26,Mar 12,2876,61,595,13,0.02121001390820584,1.26085050416484,1.2708333333333333
27,Mar 13,3661,79,785,18,0.02157880360557225,1.2729485396383866,1.2950819672131149
28,Mar 14,4499,91,838,12,0.02022671704823294,1.2288992078667031,1.1518987341772151
29,Mar 15,5423,127,924,36,0.023418771897473722,1.2053789731051345,1.3956043956043955
30,Mar 16,6633,148,1210,21,0.02231267902909694,1.2231237322515214,1.1653543307086613
31,Mar 17,7730,175,1097,27,0.022639068564036222,1.1653851952359415,1.1824324324324325
32,Mar 18,9134,264,1404,89,0.02890299978103788,1.1816300129366106,1.5085714285714287
33,Mar 19,10995,372,1861,108,0.03383356070941337,1.2037442522443618,1.4090909090909092
34,Mar 20,12612,450,1617,78,0.0356803044719315,1.1470668485675306,1.2096774193548387
35,Mar 21,14459,562,1847,112,0.038868524794245796,1.1464478274659056,1.248888888888889
36,Mar 22,16018,674,1559,112,0.04207766262954177,1.1078221177121517,1.199288256227758
37,Mar 23,19856,860,3838,186,0.04331184528605963,1.2396054438756399,1.2759643916913948
38,Mar 24,22304,1100,2448,240,0.04931850789096126,1.1232876712328768,1.2790697674418605
39,Mar 25,25233,1331,2929,231,0.052748385051321685,1.1313217360114778,1.21
40,Mar 26,29155,1696,3922,365,0.058171840164637285,1.1554313795426623,1.274229902329076
41,Mar 27,32964,1995,3809,299,0.06052056789224609,1.1306465443320186,1.1762971698113207
42,Mar 28,37575,2314,4611,319,0.061583499667332,1.1398798689479432,1.1598997493734335
43,Mar 29,40174,2606,2599,292,0.06486782496141784,1.0691683300066535,1.1261884183232498
44,Mar 30,44550,3024,4376,418,0.06787878787878789,1.1089261711554737,1.16039907904835
45,Mar 31,52128,3523,7578,499,0.06758364027010436,1.17010101010101,1.1650132275132274
46,Apr 01,56989,4032,4861,509,0.07075049570969837,1.093251227747084,1.1444791370990632
47,Apr 02,59105,5387,2116,1355,0.09114288131291769,1.0371299724508238,1.336061507936508
48,Apr 03,76460,6507,17355,1120,0.08510332199843056,1.2936299805431013,1.2079079264896975
49,Apr 04,83019,7560,6559,1053,0.09106349148989991,1.0857834161653153,1.161825726141079
50,Apr 05,87719,8078,4700,518,0.09208951310434456,1.0566135462966308,1.0685185185185184
51,Apr 06,90452,8911,2733,833,0.09851634015831601,1.0311563059314401,1.1031195840554593
52,Apr 07,99180,10328,8728,1417,0.10413389796329905,1.0964931676469287,1.1590169453484458
53,Apr 08,103061,10869,3881,541,0.10546181387721834,1.0391308731599114,1.052381874515879
54,Apr 09,107696,12210,4635,1341,0.11337468429653841,1.0449733652885185,1.1233784156776152
55,Apr 10,113927,13197,6231,987,0.115837334433453,1.0578573020353588,1.0808353808353808
56,Apr 11,118178,13832,4251,635,0.11704378141447647,1.0373133673317123,1.048116996287035
57,Apr 12,120633,14393,2455,561,0.11931229431415948,1.0207737480749377,1.0405581260844419
58,Apr 13,124298,14967,3665,574,0.12041223511239119,1.0303814047565758,1.039880497464045
59,Apr 14,130253,15729,5955,762,0.12075729541738002,1.0479090572656036,1.050912006414111
60,Apr 15,133644,17167,3391,1438,0.1284532040345994,1.0260339493140274,1.0914234852819633
61,Apr 16,140772,17920,7128,753,0.12729804222430596,1.0533357277543325,1.0438632259567775
62,Apr 17,143116,18681,2344,761,0.1305304787724643,1.0166510385588043,1.0424665178571428
63,Apr 18,146782,19323,3666,642,0.131644207055361,1.025615584560776,1.0343664686044645
64,Apr 19,147844,19718,1062,395,0.13337030924487975,1.0072352195773324,1.0204419603581225
65,Apr 20,150278,20265,2434,547,0.13485007785570743,1.0164632991531615,1.0277411502180749
66,Apr 21,153531,20796,3253,531,0.13545147234109073,1.021646548396971,1.02620281273131
67,Apr 22,155944,21340,2413,544,0.13684399528035704,1.015716695651041,1.026158876707059
68,Apr 23,158183,21856,2239,516,0.13816908264478484,1.0143577181552352,1.0241799437675727
69,Apr 24,159828,22245,1645,389,0.13918086943464225,1.0103993475910813,1.0177983162518303
70,Apr 25,161488,22614,1660,369,0.14003517289210343,1.0103861651275121,1.0165879973027647
71,Apr 26,162100,22856,612,242,0.14099938309685378,1.0037897552759338,1.0107013354559122
72,Apr 27,163273,23293,1173,437,0.14266290201074275,1.007236273904997,1.0191197059852992
73,Apr 28,165911,23660,2638,367,0.1426065782256752,1.0161569886019122,1.0157558064654617
74,Apr 29,166420,24087,509,427,0.14473620959019348,1.0030679099035025,1.0180473372781065
75,Apr 30,167178,24376,758,289,0.14580865903408344,1.0045547410167048,1.011998173288496
76,May 01,167346,24594,168,218,0.14696497077910436,1.0010049169149051,1.0089432228421398
77,May 02,168396,24760,1050,166,0.1470343713627402,1.0062744254418987,1.0067496137269252
78,May 03,168693,24895,297,135,0.14757577374283462,1.0017636998503527,1.0054523424878836
79,May 04,169462,25201,769,306,0.1487118055965349,1.004558576822986,1.012291624824262
80,May 05,170551,25531,1089,330,0.14969715803484002,1.0064262194474278,1.013094718463553
