,Dates,Cases,Deaths,Active Cases,Daily Cases,Daily Deaths,CFR,Cases growth rate,Deaths growth rate
0,Feb 15,0,0,0,0,0,0.0,0.0,0.0
1,Feb 16,0,0,0,0,0,0.0,0.0,0.0
2,Feb 17,0,0,0,0,0,0.0,0.0,0.0
3,Feb 18,0,0,0,0,0,0.0,0.0,0.0
4,Feb 19,0,0,0,0,0,0.0,0.0,0.0
5,Feb 20,0,0,0,0,0,0.0,0.0,0.0
6,Feb 21,0,0,0,0,0,0.0,0.0,0.0
7,Feb 22,0,0,0,0,0,0.0,0.0,0.0
8,Feb 23,0,0,0,0,0,0.0,0.0,0.0
9,Feb 24,0,0,0,0,0,0.0,0.0,0.0
10,Feb 25,0,0,0,0,0,0.0,0.0,0.0
11,Feb 26,1,0,1,1,0,0.0,0.0,0.0
12,Feb 27,3,0,3,2,0,0.0,3.0,0.0
13,Feb 28,4,0,4,1,0,0.0,1.3333333333333333,0.0
14,Feb 29,7,0,7,3,0,0.0,1.75,0.0
15,Mar 01,7,0,7,0,0,0.0,1.0,0.0
16,Mar 02,7,0,7,0,0,0.0,1.0,0.0
17,Mar 03,7,0,7,0,0,0.0,1.0,0.0
18,Mar 04,9,0,9,2,0,0.0,1.2857142857142858,0.0
19,Mar 05,31,0,31,22,0,0.0,3.4444444444444446,0.0
20,Mar 06,45,0,45,14,0,0.0,1.4516129032258065,0.0
21,Mar 07,66,0,66,21,0,0.0,1.4666666666666666,0.0
22,Mar 08,73,0,73,7,0,0.0,1.106060606060606,0.0
23,Mar 09,84,0,84,11,0,0.0,1.1506849315068493,0.0
24,Mar 10,89,0,89,5,0,0.0,1.0595238095238095,0.0
25,Mar 11,99,0,99,10,0,0.0,1.1123595505617978,0.0
26,Mar 12,117,1,116,18,1,0.008547008547008548,1.1818181818181819,0.0
27,Mar 13,190,1,187,73,0,0.005263157894736842,1.623931623931624,1.0
28,Mar 14,228,3,217,38,2,0.013157894736842105,1.2,3.0
29,Mar 15,331,4,319,103,1,0.012084592145015106,1.4517543859649122,1.3333333333333333
30,Mar 16,352,4,340,21,0,0.011363636363636364,1.0634441087613293,1.0
31,Mar 17,387,5,368,35,1,0.012919896640826873,1.0994318181818181,1.25
32,Mar 18,418,5,399,31,0,0.011961722488038277,1.0801033591731266,1.0
33,Mar 19,464,6,439,46,1,0.01293103448275862,1.1100478468899522,1.2
34,Mar 20,495,10,466,31,4,0.020202020202020204,1.0668103448275863,1.6666666666666667
35,Mar 21,530,13,498,35,3,0.024528301886792454,1.0707070707070707,1.3
36,Mar 22,624,15,590,94,2,0.02403846153846154,1.1773584905660377,1.1538461538461537
37,Mar 23,695,17,649,71,2,0.02446043165467626,1.1137820512820513,1.1333333333333333
38,Mar 24,743,20,694,48,3,0.026917900403768506,1.0690647482014388,1.1764705882352942
39,Mar 25,821,22,763,78,2,0.02679658952496955,1.1049798115746972,1.1
40,Mar 26,892,27,829,71,5,0.030269058295964126,1.0864799025578562,1.2272727272727273
41,Mar 27,966,28,886,74,1,0.028985507246376812,1.0829596412556053,1.037037037037037
42,Mar 28,1061,32,977,95,4,0.030160226201696512,1.098343685300207,1.1428571428571428
43,Mar 29,1156,39,1065,95,7,0.03373702422145329,1.0895381715362866,1.21875
44,Mar 30,1212,46,1114,56,7,0.037953795379537955,1.0484429065743945,1.1794871794871795
45,Mar 31,1314,49,1213,102,3,0.03729071537290715,1.0841584158415842,1.065217391304348
46,Apr 01,1415,51,1312,101,2,0.03604240282685512,1.0768645357686453,1.0408163265306123
47,Apr 02,1544,53,1430,129,2,0.03432642487046632,1.091166077738516,1.0392156862745099
48,Apr 03,1613,63,1472,69,10,0.03905765654060756,1.0446891191709844,1.1886792452830188
49,Apr 04,1673,68,1527,60,5,0.04064554692169755,1.037197768133912,1.0793650793650793
50,Apr 05,1735,73,1584,62,5,0.04207492795389049,1.0370591751344889,1.0735294117647058
51,Apr 06,1755,79,1407,20,6,0.045014245014245016,1.0115273775216138,1.082191780821918
52,Apr 07,1832,81,1482,77,2,0.04421397379912664,1.0438746438746438,1.0253164556962024
53,Apr 08,1884,83,1532,52,2,0.0440552016985138,1.0283842794759825,1.0246913580246915
54,Apr 09,1955,87,1599,71,4,0.044501278772378514,1.0376857749469215,1.0481927710843373
55,Apr 10,2011,92,1650,56,5,0.04574838388861263,1.0286445012787724,1.0574712643678161
56,Apr 11,2081,93,1719,70,1,0.04469005285920231,1.034808552958727,1.0108695652173914
57,Apr 12,2114,98,1747,33,5,0.046357615894039736,1.015857760691975,1.053763440860215
58,Apr 13,2145,99,1777,31,1,0.046153846153846156,1.0146641438032167,1.010204081632653
59,Apr 14,2170,101,1800,25,2,0.046543778801843315,1.0116550116550116,1.02020202020202
60,Apr 15,2192,102,1821,22,1,0.046532846715328466,1.0101382488479262,1.00990099009901
61,Apr 16,2207,105,1833,15,3,0.047575894879927506,1.0068430656934306,1.0294117647058822
62,Apr 17,2224,108,1847,17,3,0.048561151079136694,1.0077027639329406,1.0285714285714285
63,Apr 18,2235,110,1856,11,2,0.049217002237136466,1.0049460431654675,1.0185185185185186
64,Apr 19,2235,113,1853,0,3,0.050559284116331094,1.0,1.0272727272727273
65,Apr 20,2245,116,1860,10,3,0.051670378619153676,1.0044742729306488,1.0265486725663717
66,Apr 21,2401,121,1703,156,5,0.05039566847147022,1.0694877505567928,1.043103448275862
67,Apr 22,2408,121,1710,7,0,0.05024916943521595,1.0029154518950438,1.0
68,Apr 23,2463,125,1761,55,4,0.05075111652456354,1.0228405315614617,1.0330578512396693
69,Apr 24,2490,130,1783,27,5,0.05220883534136546,1.0109622411693058,1.04
70,Apr 25,2506,130,1799,16,0,0.05187549880287311,1.0064257028112449,1.0
71,Apr 26,2517,134,1806,11,4,0.05323798172427493,1.00438946528332,1.0307692307692307
