,Dates,Cases,Deaths,Active Cases,Daily Cases,Daily Deaths,CFR,Cases growth rate,Deaths growth rate
0,Feb 15,56,1,54,0,0,0.017857142857142856,0.05827263267429761,0.25
1,Feb 16,57,1,54,1,0,0.017543859649122806,1.0178571428571428,1.0
2,Feb 17,60,1,57,3,0,0.016666666666666666,1.0526315789473684,1.0
3,Feb 18,62,1,59,2,0,0.016129032258064516,1.0333333333333334,1.0
4,Feb 19,65,2,58,3,1,0.03076923076923077,1.0483870967741935,2.0
5,Feb 20,69,2,61,4,0,0.028985507246376812,1.0615384615384615,1.0
6,Feb 21,69,2,61,0,0,0.028985507246376812,1.0,1.0
7,Feb 22,70,2,57,1,0,0.02857142857142857,1.0144927536231885,1.0
8,Feb 23,74,2,60,4,0,0.02702702702702703,1.0571428571428572,1.0
9,Feb 24,81,2,67,7,0,0.024691358024691357,1.0945945945945945,1.0
10,Feb 25,85,2,65,4,0,0.023529411764705882,1.0493827160493827,1.0
11,Feb 26,89,2,69,4,0,0.02247191011235955,1.0470588235294118,1.0
12,Feb 27,92,2,72,3,0,0.021739130434782608,1.0337078651685394,1.0
13,Feb 28,93,2,73,1,0,0.021505376344086023,1.0108695652173914,1.0
14,Feb 29,95,2,63,2,0,0.021052631578947368,1.021505376344086,1.0
15,Mar 01,100,2,62,5,0,0.02,1.0526315789473684,1.0
16,Mar 02,100,2,62,0,0,0.02,1.0,1.0
17,Mar 03,101,2,62,1,0,0.019801980198019802,1.01,1.0
18,Mar 04,103,2,64,2,0,0.019417475728155338,1.0198019801980198,1.0
19,Mar 05,105,2,66,2,0,0.01904761904761905,1.0194174757281553,1.0
20,Mar 06,108,2,55,3,0,0.018518518518518517,1.0285714285714285,1.0
21,Mar 07,108,2,55,0,0,0.018518518518518517,1.0,1.0
22,Mar 08,115,3,53,7,1,0.02608695652173913,1.0648148148148149,1.5
23,Mar 09,116,3,54,1,0,0.02586206896551724,1.008695652173913,1.0
24,Mar 10,121,3,58,5,0,0.024793388429752067,1.043103448275862,1.0
25,Mar 11,130,3,50,9,0,0.023076923076923078,1.0743801652892562,1.0
26,Mar 12,131,3,51,1,0,0.022900763358778626,1.0076923076923077,1.0
27,Mar 13,132,4,50,1,1,0.030303030303030304,1.0076335877862594,1.3333333333333333
28,Mar 14,142,4,57,10,0,0.028169014084507043,1.0757575757575757,1.0
29,Mar 15,149,4,64,7,0,0.026845637583892617,1.0492957746478873,1.0
30,Mar 16,155,4,70,6,0,0.025806451612903226,1.0402684563758389,1.0
31,Mar 17,168,4,83,13,0,0.023809523809523808,1.0838709677419356,1.0
32,Mar 18,193,4,94,25,0,0.02072538860103627,1.1488095238095237,1.0
33,Mar 19,208,4,106,15,0,0.019230769230769232,1.077720207253886,1.0
34,Mar 20,256,4,154,48,0,0.015625,1.2307692307692308,1.0
35,Mar 21,274,4,170,18,0,0.014598540145985401,1.0703125,1.0
36,Mar 22,318,4,214,44,0,0.012578616352201259,1.1605839416058394,1.0
37,Mar 23,357,4,253,39,0,0.011204481792717087,1.1226415094339623,1.0
38,Mar 24,387,4,281,30,0,0.0103359173126615,1.084033613445378,1.0
39,Mar 25,411,4,305,24,0,0.009732360097323601,1.062015503875969,1.0
40,Mar 26,454,4,340,43,0,0.00881057268722467,1.1046228710462287,1.0
41,Mar 27,519,4,404,65,0,0.007707129094412331,1.1431718061674008,1.0
42,Mar 28,560,4,444,41,0,0.007142857142857143,1.0789980732177264,1.0
43,Mar 29,642,4,520,82,0,0.006230529595015576,1.1464285714285714,1.0
44,Mar 30,683,4,561,41,0,0.005856515373352855,1.0638629283489096,1.0
45,Mar 31,715,4,583,32,0,0.005594405594405594,1.0468521229868228,1.0
46,Apr 01,766,4,615,51,0,0.005221932114882507,1.0713286713286714,1.0
47,Apr 02,802,4,644,36,0,0.004987531172069825,1.0469973890339426,1.0
48,Apr 03,845,4,668,43,0,0.004733727810650888,1.0536159600997506,1.0
49,Apr 04,862,4,685,17,0,0.004640371229698376,1.0201183431952663,1.0
50,Apr 05,891,4,681,29,0,0.004489337822671156,1.0336426914153132,1.0
51,Apr 06,915,4,695,24,0,0.004371584699453552,1.026936026936027,1.0
52,Apr 07,936,4,696,21,0,0.004273504273504274,1.022950819672131,1.0
53,Apr 08,961,4,693,25,0,0.004162330905306972,1.0267094017094016,1.0
