,Dates,Cases,Deaths,Daily Cases,Daily Deaths,CFR,Cases growth rate,Deaths growth rate
0,Feb 15,0,0,0,0,0.0,0.0,0.0
1,Feb 16,0,0,0,0,0.0,0.0,0.0
2,Feb 17,0,0,0,0,0.0,0.0,0.0
3,Feb 18,0,0,0,0,0.0,0.0,0.0
4,Feb 19,0,0,0,0,0.0,0.0,0.0
5,Feb 20,0,0,0,0,0.0,0.0,0.0
6,Feb 21,0,0,0,0,0.0,0.0,0.0
7,Feb 22,0,0,0,0,0.0,0.0,0.0
8,Feb 23,0,0,0,0,0.0,0.0,0.0
9,Feb 24,0,0,0,0,0.0,0.0,0.0
10,Feb 25,0,0,0,0,0.0,0.0,0.0
11,Feb 26,0,0,0,0,0.0,0.0,0.0
12,Feb 27,0,0,0,0,0.0,0.0,0.0
13,Feb 28,0,0,0,0,0.0,0.0,0.0
14,Feb 29,0,0,0,0,0.0,0.0,0.0
15,Mar 01,0,0,0,0,0.0,0.0,0.0
16,Mar 02,2,0,2,0,0.0,0.0,0.0
17,Mar 03,2,0,0,0,0.0,1.0,0.0
18,Mar 04,2,0,0,0,0.0,1.0,0.0
19,Mar 05,2,0,0,0,0.0,1.0,0.0
20,Mar 06,4,0,2,0,0.0,2.0,0.0
21,Mar 07,4,0,0,0,0.0,1.0,0.0
22,Mar 08,6,0,2,0,0.0,1.5,0.0
23,Mar 09,19,0,13,0,0.0,3.1666666666666665,0.0
24,Mar 10,27,0,8,0,0.0,1.4210526315789473,0.0
25,Mar 11,34,1,7,1,0.029411764705882353,1.2592592592592593,0.0
26,Mar 12,34,1,0,0,0.029411764705882353,1.0,1.0
27,Mar 13,69,4,35,3,0.057971014492753624,2.0294117647058822,4.0
28,Mar 14,96,5,27,1,0.052083333333333336,1.391304347826087,1.25
29,Mar 15,117,5,21,0,0.042735042735042736,1.21875,1.0
30,Mar 16,134,5,17,0,0.03731343283582089,1.1452991452991452,1.0
31,Mar 17,172,7,38,2,0.040697674418604654,1.2835820895522387,1.4
32,Mar 18,227,19,55,12,0.08370044052863436,1.319767441860465,2.7142857142857144
33,Mar 19,309,25,82,6,0.08090614886731391,1.3612334801762114,1.3157894736842106
34,Mar 20,369,32,60,7,0.08672086720867209,1.1941747572815533,1.28
35,Mar 21,450,38,81,6,0.08444444444444445,1.2195121951219512,1.1875
36,Mar 22,514,48,64,10,0.0933852140077821,1.1422222222222222,1.263157894736842
37,Mar 23,579,49,65,1,0.0846286701208981,1.1264591439688716,1.0208333333333333
38,Mar 24,686,55,107,6,0.08017492711370262,1.1848013816925733,1.1224489795918366
39,Mar 25,790,58,104,3,0.07341772151898734,1.151603498542274,1.0545454545454545
40,Mar 26,893,78,103,20,0.08734602463605823,1.130379746835443,1.3448275862068966
41,Mar 27,1046,87,153,9,0.08317399617590822,1.1713325867861142,1.1153846153846154
42,Mar 28,1155,102,109,15,0.08831168831168831,1.104206500956023,1.1724137931034482
43,Mar 29,1285,114,130,12,0.088715953307393,1.1125541125541125,1.1176470588235294
44,Mar 30,1414,122,129,8,0.08628005657708628,1.1003891050583658,1.0701754385964912
45,Mar 31,1528,136,114,14,0.08900523560209424,1.0806223479490806,1.1147540983606556
46,Apr 01,1677,157,149,21,0.0936195587358378,1.0975130890052356,1.1544117647058822
47,Apr 02,1790,170,113,13,0.09497206703910614,1.0673822301729279,1.0828025477707006
48,Apr 03,1986,181,196,11,0.09113796576032225,1.1094972067039106,1.0647058823529412
49,Apr 04,2092,191,106,10,0.0913001912045889,1.05337361530715,1.0552486187845305
50,Apr 05,2273,198,181,7,0.08710954685437748,1.0865200764818355,1.036649214659686
51,Apr 06,2491,209,218,11,0.08390204737053392,1.0959084909810823,1.0555555555555556
52,Apr 07,2738,221,247,12,0.08071585098612126,1.0991569650742674,1.0574162679425838
53,Apr 08,2956,240,218,19,0.08119079837618404,1.079620160701242,1.085972850678733
54,Apr 09,3293,280,337,40,0.08502884907379289,1.1140054127198917,1.1666666666666667
55,Apr 10,3512,306,219,26,0.08712984054669703,1.0665047069541451,1.0928571428571427
56,Apr 11,3842,327,330,21,0.08511192087454451,1.0939635535307517,1.0686274509803921
57,Apr 12,4241,373,399,46,0.08795095496345201,1.10385216033316,1.1406727828746177
58,Apr 13,4557,399,316,26,0.08755760368663594,1.0745107286017448,1.0697050938337802
59,Apr 14,4839,459,282,60,0.09485430874147552,1.0618828176431863,1.150375939849624
60,Apr 15,5136,469,297,10,0.09131619937694704,1.0613763174209547,1.0217864923747277
61,Apr 16,5516,496,380,27,0.08992023205221175,1.07398753894081,1.0575692963752665
62,Apr 17,5923,520,407,24,0.08779334796555799,1.0737853517041334,1.0483870967741935
63,Apr 18,6248,535,325,15,0.08562740076824583,1.0548708424784738,1.0288461538461537
64,Apr 19,6575,582,327,47,0.0885171102661597,1.0523367477592829,1.0878504672897196
65,Apr 20,6760,590,185,8,0.08727810650887574,1.0281368821292776,1.013745704467354
66,Apr 21,7135,616,375,26,0.08633496846531184,1.055473372781065,1.0440677966101695
67,Apr 22,7418,635,283,19,0.08560258829873281,1.0396636299929922,1.030844155844156
68,Apr 23,7775,647,357,12,0.08321543408360128,1.0481261795632246,1.0188976377952756
69,Apr 24,8211,689,436,42,0.08391182559980515,1.0560771704180065,1.0649149922720247
70,Apr 25,8607,720,396,31,0.08365284071104914,1.0482279868469127,1.0449927431059507
71,Apr 26,8882,743,275,23,0.08365233055618104,1.0319507377715813,1.0319444444444446
72,Apr 27,9096,765,214,22,0.08410290237467019,1.0240936725962622,1.0296096904441454
73,Apr 28,9511,773,415,8,0.0812743139522658,1.0456244503078276,1.0104575163398692
74,Apr 29,9771,784,260,11,0.0802374373145021,1.0273367679528966,1.0142302716688227
75,Apr 30,10118,792,347,8,0.07827633919746986,1.0355132535052707,1.010204081632653
76,May 01,10551,800,433,8,0.07582219694815658,1.0427950187784147,1.0101010101010102
77,May 02,10843,831,292,31,0.07663930646500046,1.0276751018860772,1.03875
78,May 03,11192,845,349,14,0.07550035739814152,1.0321866642073227,1.016847172081829
79,May 04,11587,864,395,19,0.07456632432898938,1.0352930664760542,1.0224852071005917
80,May 05,12071,872,484,8,0.07223925109767211,1.0417709502028134,1.0092592592592593
