,Dates,Cases,Deaths,Daily Cases,Daily Deaths,CFR,Cases growth rate,Deaths growth rate
0,Feb 15,0,0,0,0,0.0,0.0,0.0
1,Feb 16,0,0,0,0,0.0,0.0,0.0
2,Feb 17,0,0,0,0,0.0,0.0,0.0
3,Feb 18,0,0,0,0,0.0,0.0,0.0
4,Feb 19,2,2,2,0,1.0,0.0,0.0
5,Feb 20,5,2,3,0,0.4,2.5,1.0
6,Feb 21,18,4,13,2,0.2222222222222222,3.6,2.0
7,Feb 22,29,6,11,2,0.20689655172413793,1.6111111111111112,1.5
8,Feb 23,43,8,14,2,0.18604651162790697,1.4827586206896552,1.3333333333333333
9,Feb 24,61,12,18,4,0.19672131147540983,1.4186046511627908,1.5
10,Feb 25,95,16,34,4,0.16842105263157894,1.5573770491803278,1.3333333333333333
11,Feb 26,139,19,44,3,0.1366906474820144,1.4631578947368422,1.1875
12,Feb 27,245,26,106,7,0.10612244897959183,1.7625899280575539,1.368421052631579
13,Feb 28,388,34,143,8,0.08762886597938144,1.583673469387755,1.3076923076923077
14,Feb 29,593,43,205,9,0.07251264755480608,1.5283505154639174,1.2647058823529411
15,Mar 01,978,54,385,11,0.05521472392638037,1.6492411467116357,1.255813953488372
16,Mar 02,1501,66,523,12,0.04397068620919387,1.534764826175869,1.2222222222222223
17,Mar 03,2336,77,835,11,0.03296232876712329,1.5562958027981346,1.1666666666666667
18,Mar 04,2922,92,586,15,0.03148528405201916,1.2508561643835616,1.1948051948051948
19,Mar 05,3513,108,591,16,0.030742954739538857,1.202258726899384,1.173913043478261
20,Mar 06,4747,124,1234,16,0.02612176111228144,1.3512667235980644,1.1481481481481481
21,Mar 07,5823,145,1076,21,0.024901253649321657,1.2266694754581842,1.1693548387096775
22,Mar 08,6566,194,743,49,0.02954614681693573,1.1275974583547999,1.3379310344827586
23,Mar 09,7161,237,595,43,0.03309593632174277,1.0906183368869935,1.2216494845360826
24,Mar 10,8042,291,881,54,0.03618502859985078,1.1230275101242844,1.2278481012658229
25,Mar 11,9000,354,958,63,0.03933333333333333,1.1191245958716738,1.2164948453608246
26,Mar 12,10075,429,1075,75,0.04258064516129032,1.1194444444444445,1.2118644067796611
27,Mar 13,11364,514,1289,85,0.04523055262231609,1.1279404466501242,1.1981351981351982
28,Mar 14,12729,611,1365,97,0.048000628486134025,1.1201161562829989,1.188715953307393
29,Mar 15,13938,724,1209,113,0.05194432486726933,1.094979967004478,1.1849427168576105
30,Mar 16,14991,853,1053,129,0.056900807150957244,1.0755488592337494,1.1781767955801106
31,Mar 17,16169,988,1178,135,0.06110458284371328,1.0785804816223068,1.1582649472450175
32,Mar 18,17361,1135,1192,147,0.06537641840907782,1.0737213185725771,1.1487854251012146
33,Mar 19,18407,1284,1046,149,0.06975607105992286,1.060249985599908,1.1312775330396476
34,Mar 20,19644,1433,1237,149,0.07294848299735288,1.067202694627044,1.1160436137071652
35,Mar 21,20610,1556,966,123,0.0754973313925279,1.0491753207086134,1.0858339148639218
36,Mar 22,21638,1685,1028,129,0.0778722617617155,1.049878699660359,1.082904884318766
37,Mar 23,23049,1812,1411,127,0.07861512430040349,1.0652093539144099,1.0753709198813057
38,Mar 24,24811,1934,1762,122,0.0779492966829229,1.0764458327910105,1.0673289183222958
39,Mar 25,27017,2077,2206,143,0.07687752156049894,1.088912176050945,1.0739400206825234
40,Mar 26,29406,2234,2389,157,0.07597089029449772,1.0884258059740164,1.0755897929706306
41,Mar 27,32332,2378,2926,144,0.0735494247185451,1.0995035026865265,1.0644583706356312
42,Mar 28,35408,2517,3076,139,0.07108563036601898,1.0951379438327353,1.058452481076535
43,Mar 29,38309,2640,2901,123,0.06891331018820643,1.0819306371441482,1.0488676996424315
44,Mar 30,41495,2757,3186,117,0.06644173996867092,1.0831658357044036,1.044318181818182
45,Mar 31,44605,2898,3110,141,0.06497029480999889,1.074948789010724,1.0511425462459194
46,Apr 01,47593,3036,2988,138,0.06379089361880949,1.066988005828943,1.0476190476190477
47,Apr 02,50468,3160,2875,124,0.06261393358167552,1.0604080431996301,1.0408432147562583
48,Apr 03,53183,3294,2715,134,0.061937085158791344,1.0537964650867877,1.0424050632911392
49,Apr 04,55743,3452,2560,158,0.061927058105950526,1.0481356824549197,1.0479659987856709
50,Apr 05,58226,3603,2483,151,0.061879572699481335,1.0445437095240657,1.0437427578215528
51,Apr 06,60500,3739,2274,136,0.06180165289256198,1.0390547178236527,1.0377463225090202
52,Apr 07,62589,3872,2089,133,0.061863905798143444,1.0345289256198347,1.0355710082909868
53,Apr 08,64586,3993,1997,121,0.06182454401882761,1.0319065650513668,1.03125
54,Apr 09,66220,4110,1634,117,0.062065841135608577,1.0252996005326231,1.0293012772351615
55,Apr 10,68192,4232,1972,122,0.06206006569685594,1.0297795228027786,1.029683698296837
56,Apr 11,70029,4357,1837,125,0.06221708149480929,1.026938643829188,1.0295368620037808
57,Apr 12,71686,4474,1657,117,0.06241107050191111,1.0236616258978424,1.0268533394537527
58,Apr 13,73303,4585,1617,111,0.06254859964803623,1.022556705632899,1.024810013410818
59,Apr 14,74877,4683,1574,98,0.06254256981449577,1.0214725181779736,1.0213740458015268
60,Apr 15,76389,4777,1512,94,0.06253518176700834,1.0201931167114067,1.0200726030322442
61,Apr 16,77995,4869,1606,92,0.06242707865888839,1.0210239694196808,1.019258949131254
62,Apr 17,79494,4958,1499,89,0.062369487005308574,1.0192191807167126,1.0182789073731773
63,Apr 18,80868,5031,1374,73,0.062212494435376166,1.017284323345158,1.0147236789027834
64,Apr 19,82211,5118,1343,87,0.06225444283611682,1.0166073106791313,1.0172927847346451
65,Apr 20,83505,5209,1294,91,0.062379498233638704,1.0157399861332426,1.0177803829620946
66,Apr 21,84802,5297,1297,88,0.06246314945402231,1.0155320040716125,1.0168938375887886
67,Apr 22,85996,5391,1194,94,0.06268896227731523,1.0140798566071554,1.0177458939022088
68,Apr 23,87026,5481,1030,90,0.06298117803874705,1.0119773012698265,1.01669449081803
69,Apr 24,88194,5574,1168,93,0.0632015783386625,1.0134212764001562,1.016967706622879
70,Apr 25,89328,5650,1134,76,0.06325004477879276,1.0128580175522144,1.0136347326874775
71,Apr 26,90481,5710,1153,60,0.06310717167140062,1.0129074870141501,1.0106194690265486
72,Apr 27,91472,5806,991,96,0.06347297533671506,1.0109525756788718,1.0168126094570928
73,Apr 28,92584,5877,1112,71,0.063477490711138,1.0121567255553612,1.0122287289011367
74,Apr 29,93657,5957,1073,80,0.06360442892682874,1.0115894755033268,1.0136123872724179
75,Apr 30,94640,6028,983,71,0.06369399830938292,1.010495745112485,1.0119187510491858
76,May 01,95646,6091,1006,63,0.06368274679547498,1.010629754860524,1.0104512276045123
77,May 02,96448,6156,802,65,0.0638271400132714,1.0083850866737762,1.0106714825151863
78,May 03,97424,6203,976,47,0.06367014288060437,1.0101194426011944,1.0076348278102665
79,May 04,98647,6277,1223,74,0.06363092643466096,1.0125533749384135,1.0119297114299532
80,May 05,99970,6340,1323,63,0.06341902570771231,1.0134114570133912,1.0100366417078221
