,Dates,Cases,Deaths,Active Cases,Daily Cases,Daily Deaths,CFR,Cases growth rate,Deaths growth rate
0,Feb 15,0,0,0,0,0,0.0,0.0,0.0
1,Feb 16,0,0,0,0,0,0.0,0.0,0.0
2,Feb 17,0,0,0,0,0,0.0,0.0,0.0
3,Feb 18,0,0,0,0,0,0.0,0.0,0.0
4,Feb 19,0,0,0,0,0,0.0,0.0,0.0
5,Feb 20,0,0,0,0,0,0.0,0.0,0.0
6,Feb 21,0,0,0,0,0,0.0,0.0,0.0
7,Feb 22,0,0,0,0,0,0.0,0.0,0.0
8,Feb 23,0,0,0,0,0,0.0,0.0,0.0
9,Feb 24,0,0,0,0,0,0.0,0.0,0.0
10,Feb 25,0,0,0,0,0,0.0,0.0,0.0
11,Feb 26,0,0,0,0,0,0.0,0.0,0.0
12,Feb 27,0,0,0,0,0,0.0,0.0,0.0
13,Feb 28,1,0,1,1,0,0.0,0.0,0.0
14,Feb 29,1,0,1,0,0,0.0,1.0,0.0
15,Mar 01,1,0,1,0,0,0.0,1.0,0.0
16,Mar 02,1,0,1,0,0,0.0,1.0,0.0
17,Mar 03,1,0,1,0,0,0.0,1.0,0.0
18,Mar 04,1,0,1,0,0,0.0,1.0,0.0
19,Mar 05,1,0,1,0,0,0.0,1.0,0.0
20,Mar 06,1,0,1,0,0,0.0,1.0,0.0
21,Mar 07,1,0,1,0,0,0.0,1.0,0.0
22,Mar 08,1,0,1,0,0,0.0,1.0,0.0
23,Mar 09,1,0,1,0,0,0.0,1.0,0.0
24,Mar 10,3,0,3,2,0,0.0,3.0,0.0
25,Mar 11,3,0,3,0,0,0.0,1.0,0.0
26,Mar 12,3,0,3,0,0,0.0,1.0,0.0
27,Mar 13,6,0,6,3,0,0.0,2.0,0.0
28,Mar 14,9,0,8,3,0,0.0,1.5,0.0
29,Mar 15,14,0,13,5,0,0.0,1.5555555555555556,0.0
30,Mar 16,18,0,17,4,0,0.0,1.2857142857142858,0.0
31,Mar 17,26,0,25,8,0,0.0,1.4444444444444444,0.0
32,Mar 18,34,0,33,8,0,0.0,1.3076923076923077,0.0
33,Mar 19,48,0,47,14,0,0.0,1.411764705882353,0.0
34,Mar 20,69,1,67,21,1,0.014492753623188406,1.4375,0.0
35,Mar 21,99,1,97,30,0,0.010101010101010102,1.434782608695652,1.0
36,Mar 22,143,1,141,44,0,0.006993006993006993,1.4444444444444444,1.0
37,Mar 23,179,1,177,36,0,0.00558659217877095,1.2517482517482517,1.0
38,Mar 24,209,2,206,30,1,0.009569377990430622,1.1675977653631284,2.0
39,Mar 25,274,4,269,65,2,0.014598540145985401,1.3110047846889952,2.0
40,Mar 26,299,4,294,25,0,0.013377926421404682,1.0912408759124088,1.0
41,Mar 27,358,5,352,59,1,0.013966480446927373,1.1973244147157192,1.25
42,Mar 28,394,7,386,36,2,0.017766497461928935,1.100558659217877,1.4
43,Mar 29,460,7,452,66,0,0.015217391304347827,1.16751269035533,1.0
44,Mar 30,491,7,477,31,0,0.014256619144602852,1.067391304347826,1.0
45,Mar 31,537,8,522,46,1,0.0148975791433892,1.0936863543788187,1.1428571428571428
46,Apr 01,581,8,566,44,0,0.013769363166953529,1.0819366852886405,1.0
47,Apr 02,649,9,633,68,1,0.01386748844375963,1.117039586919105,1.125
48,Apr 03,696,9,680,47,0,0.01293103448275862,1.0724191063174113,1.0
49,Apr 04,771,11,753,75,2,0.014267185473411154,1.1077586206896552,1.2222222222222223
50,Apr 05,811,13,791,40,2,0.016029593094944512,1.0518806744487679,1.1818181818181819
51,Apr 06,843,15,820,32,2,0.017793594306049824,1.0394574599260173,1.1538461538461537
52,Apr 07,880,15,857,37,0,0.017045454545454544,1.0438908659549229,1.0
53,Apr 08,912,15,889,32,0,0.01644736842105263,1.0363636363636364,1.0
54,Apr 09,955,16,931,43,1,0.016753926701570682,1.0471491228070176,1.0666666666666667
55,Apr 10,999,22,923,44,6,0.022022022022022022,1.0460732984293193,1.375
56,Apr 11,1026,23,949,27,1,0.022417153996101363,1.027027027027027,1.0454545454545454
57,Apr 12,1053,23,933,27,0,0.02184235517568851,1.0263157894736843,1.0
58,Apr 13,1062,24,937,9,1,0.022598870056497175,1.0085470085470085,1.0434782608695652
59,Apr 14,1070,29,940,8,5,0.027102803738317756,1.0075329566854991,1.2083333333333333
60,Apr 15,1091,30,923,21,1,0.027497708524289642,1.019626168224299,1.0344827586206897
61,Apr 16,1128,32,918,37,2,0.028368794326241134,1.0339138405132906,1.0666666666666667
62,Apr 17,1149,33,906,21,1,0.028720626631853787,1.0186170212765957,1.03125
63,Apr 18,1239,33,978,90,0,0.026634382566585957,1.0783289817232375,1.0
64,Apr 19,1298,35,1021,59,2,0.026964560862865947,1.0476190476190477,1.0606060606060606
65,Apr 20,1326,37,1047,28,2,0.02790346907993967,1.0215716486902928,1.0571428571428572
66,Apr 21,1350,38,1014,24,1,0.028148148148148148,1.0180995475113122,1.027027027027027
67,Apr 22,1370,38,975,20,0,0.027737226277372264,1.0148148148148148,1.0
68,Apr 23,1398,40,959,28,2,0.02861230329041488,1.0204379562043795,1.0526315789473684
69,Apr 24,1410,40,940,12,0,0.028368794326241134,1.0085836909871244,1.0
70,Apr 25,1426,41,925,16,1,0.028751753155680224,1.0113475177304965,1.025
71,Apr 26,1438,41,930,12,0,0.02851182197496523,1.008415147265077,1.0
72,Apr 27,1449,41,934,11,0,0.028295376121463076,1.0076495132127956,1.0
73,Apr 28,1344,44,764,-105,3,0.03273809523809524,0.927536231884058,1.0731707317073171
74,Apr 29,1375,45,767,31,1,0.03272727272727273,1.0230654761904763,1.0227272727272727
75,Apr 30,1385,45,751,10,0,0.032490974729241874,1.0072727272727273,1.0
