,Dates,Cases,Deaths,Active Cases,Daily Cases,Daily Deaths,CFR,Cases growth rate,Deaths growth rate
0,Feb 15,0,0,0,0,0,0.0,0.0,0.0
1,Feb 16,0,0,0,0,0,0.0,0.0,0.0
2,Feb 17,0,0,0,0,0,0.0,0.0,0.0
3,Feb 18,0,0,0,0,0,0.0,0.0,0.0
4,Feb 19,0,0,0,0,0,0.0,0.0,0.0
5,Feb 20,0,0,0,0,0,0.0,0.0,0.0
6,Feb 21,0,0,0,0,0,0.0,0.0,0.0
7,Feb 22,0,0,0,0,0,0.0,0.0,0.0
8,Feb 23,0,0,0,0,0,0.0,0.0,0.0
9,Feb 24,0,0,0,0,0,0.0,0.0,0.0
10,Feb 25,0,0,0,0,0,0.0,0.0,0.0
11,Feb 26,0,0,0,0,0,0.0,0.0,0.0
12,Feb 27,0,0,0,0,0,0.0,0.0,0.0
13,Feb 28,0,0,0,0,0,0.0,0.0,0.0
14,Feb 29,1,0,1,1,0,0.0,0.0,0.0
15,Mar 01,1,0,1,0,0,0.0,1.0,0.0
16,Mar 02,1,0,1,0,0,0.0,1.0,0.0
17,Mar 03,1,0,1,0,0,0.0,1.0,0.0
18,Mar 04,1,0,1,0,0,0.0,1.0,0.0
19,Mar 05,2,0,2,1,0,0.0,2.0,0.0
20,Mar 06,3,0,3,1,0,0.0,1.5,0.0
21,Mar 07,4,0,4,1,0,0.0,1.3333333333333333,0.0
22,Mar 08,5,0,5,1,0,0.0,1.25,0.0
23,Mar 09,5,0,5,0,0,0.0,1.0,0.0
24,Mar 10,7,0,7,2,0,0.0,1.4,0.0
25,Mar 11,7,0,7,0,0,0.0,1.0,0.0
26,Mar 12,26,0,26,19,0,0.0,3.7142857142857144,0.0
27,Mar 13,38,1,37,12,0,0.02631578947368421,1.4615384615384615,0.0
28,Mar 14,51,1,50,13,0,0.0196078431372549,1.3421052631578947,1.0
29,Mar 15,77,1,76,26,0,0.012987012987012988,1.5098039215686274,1.0
30,Mar 16,81,1,80,4,0,0.012345679012345678,1.051948051948052,1.0
31,Mar 17,140,1,139,59,0,0.007142857142857143,1.728395061728395,1.0
32,Mar 18,203,2,201,63,0,0.009852216748768473,1.45,2.0
33,Mar 19,335,4,325,132,0,0.011940298507462687,1.6502463054187193,2.0
34,Mar 20,484,5,473,149,0,0.010330578512396695,1.4447761194029851,1.25
35,Mar 21,670,8,656,186,0,0.011940298507462687,1.384297520661157,1.6
36,Mar 22,798,8,784,128,0,0.010025062656641603,1.191044776119403,1.0
37,Mar 23,875,8,861,77,0,0.009142857142857144,1.0964912280701755,1.0
38,Mar 24,1099,8,1085,224,0,0.007279344858962694,1.256,1.0
39,Mar 25,1333,8,1319,234,0,0.006001500375093774,1.2129208371246587,1.0
40,Mar 26,1453,9,1438,120,0,0.006194081211286993,1.0900225056264066,1.125
41,Mar 27,1605,15,1550,152,0,0.009345794392523364,1.1046111493461803,1.6666666666666667
42,Mar 28,1831,18,1773,226,0,0.009830693610049153,1.140809968847352,1.2
43,Mar 29,1950,21,1889,119,0,0.010769230769230769,1.0649918077553249,1.1666666666666667
44,Mar 30,1988,22,1926,38,0,0.011066398390342052,1.0194871794871796,1.0476190476190477
45,Mar 31,2178,23,2075,190,0,0.010560146923783287,1.095573440643863,1.0454545454545454
46,Apr 01,2319,29,2210,141,0,0.01250539025442001,1.0647382920110193,1.2608695652173914
47,Apr 02,2487,30,2377,168,0,0.012062726176115802,1.072445019404916,1.0344827586206897
48,Apr 03,2612,31,2081,125,0,0.011868300153139357,1.0502613590671492,1.0333333333333334
49,Apr 04,2729,31,2198,117,0,0.011359472334188348,1.0447932618683002,1.0
50,Apr 05,2804,36,2268,75,0,0.012838801711840228,1.0274825943569073,1.1612903225806452
51,Apr 06,2843,41,2302,39,0,0.014421385860007034,1.0139087018544937,1.1388888888888888
52,Apr 07,2970,44,2426,127,0,0.014814814814814815,1.0446711220541682,1.0731707317073171
53,Apr 08,3034,46,2488,64,0,0.015161502966381015,1.0215488215488215,1.0454545454545454
54,Apr 09,3115,52,2563,81,0,0.016693418940609953,1.0266974291364535,1.1304347826086956
55,Apr 10,3223,54,2669,108,0,0.016754576481538937,1.0346709470304976,1.0384615384615385
56,Apr 11,3270,62,2708,47,0,0.018960244648318043,1.0145826869376358,1.1481481481481481
57,Apr 12,3281,66,2715,11,0,0.020115818348064616,1.0033639143730886,1.064516129032258
58,Apr 13,3292,69,2723,11,0,0.020959902794653706,1.003352636391344,1.0454545454545454
59,Apr 14,3307,67,2740,15,0,0.020260054429996975,1.0045565006075334,0.9710144927536232
60,Apr 15,3373,69,2778,66,0,0.020456566854432257,1.0199576655579075,1.0298507462686568
61,Apr 16,3444,69,2823,71,0,0.02003484320557491,1.0210495108212274,1.0
62,Apr 17,3480,72,2829,36,0,0.020689655172413793,1.0104529616724738,1.0434782608695652
63,Apr 18,3537,72,2864,57,0,0.020356234096692113,1.0163793103448275,1.0
64,Apr 19,3550,73,2850,13,0,0.02056338028169014,1.0036754311563472,1.0138888888888888
65,Apr 20,3558,75,2846,8,0,0.021079258010118045,1.0022535211267605,1.0273972602739727
66,Apr 21,3618,78,2870,60,0,0.02155887230514096,1.0168634064080944,1.04
67,Apr 22,3654,80,2863,36,0,0.021893814997263273,1.0099502487562189,1.0256410256410255
68,Apr 23,3665,83,2854,11,0,0.022646657571623464,1.0030103995621238,1.0375
69,Apr 24,3695,85,603,30,0,0.023004059539918808,1.0081855388813097,1.0240963855421688
