,Dates,Cases,Deaths,Active Cases,Daily Cases,Daily Deaths,CFR,Cases growth rate,Deaths growth rate
0,Feb 15,0,0,0,0,0,0.0,0.0,0.0
1,Feb 16,0,0,0,0,0,0.0,0.0,0.0
2,Feb 17,0,0,0,0,0,0.0,0.0,0.0
3,Feb 18,0,0,0,0,0,0.0,0.0,0.0
4,Feb 19,0,0,0,0,0,0.0,0.0,0.0
5,Feb 20,0,0,0,0,0,0.0,0.0,0.0
6,Feb 21,0,0,0,0,0,0.0,0.0,0.0
7,Feb 22,0,0,0,0,0,0.0,0.0,0.0
8,Feb 23,0,0,0,0,0,0.0,0.0,0.0
9,Feb 24,0,0,0,0,0,0.0,0.0,0.0
10,Feb 25,0,0,0,0,0,0.0,0.0,0.0
11,Feb 26,0,0,0,0,0,0.0,0.0,0.0
12,Feb 27,0,0,0,0,0,0.0,0.0,0.0
13,Feb 28,2,0,2,2,0,0.0,0.0,0.0
14,Feb 29,4,0,4,2,0,0.0,2.0,0.0
15,Mar 01,5,0,5,1,0,0.0,1.25,0.0
16,Mar 02,6,0,6,1,0,0.0,1.2,0.0
17,Mar 03,6,0,5,0,0,0.0,1.0,0.0
18,Mar 04,6,0,5,0,0,0.0,1.0,0.0
19,Mar 05,6,0,5,0,0,0.0,1.0,0.0
20,Mar 06,6,0,5,0,0,0.0,1.0,0.0
21,Mar 07,6,0,5,0,0,0.0,1.0,0.0
22,Mar 08,7,0,6,1,0,0.0,1.1666666666666667,0.0
23,Mar 09,7,0,3,0,0,0.0,1.0,0.0
24,Mar 10,7,0,3,0,0,0.0,1.0,0.0
25,Mar 11,11,0,7,4,0,0.0,1.5714285714285714,0.0
26,Mar 12,12,0,8,1,0,0.0,1.0909090909090908,0.0
27,Mar 13,15,0,11,3,0,0.0,1.25,0.0
28,Mar 14,26,0,22,11,0,0.0,1.7333333333333334,0.0
29,Mar 15,43,0,39,17,0,0.0,1.6538461538461537,0.0
30,Mar 16,53,0,49,10,0,0.0,1.2325581395348837,0.0
31,Mar 17,82,0,78,29,0,0.0,1.5471698113207548,0.0
32,Mar 18,93,0,89,11,0,0.0,1.1341463414634145,0.0
33,Mar 19,118,1,113,25,1,0.00847457627118644,1.2688172043010753,0.0
34,Mar 20,164,1,159,46,0,0.006097560975609756,1.3898305084745763,1.0
35,Mar 21,203,2,197,39,1,0.009852216748768473,1.2378048780487805,2.0
36,Mar 22,251,2,245,48,0,0.00796812749003984,1.2364532019704433,1.0
37,Mar 23,316,3,309,65,1,0.00949367088607595,1.2589641434262948,1.5
38,Mar 24,367,4,359,51,1,0.010899182561307902,1.1613924050632911,1.3333333333333333
39,Mar 25,405,5,396,38,1,0.012345679012345678,1.103542234332425,1.25
40,Mar 26,475,6,465,70,1,0.01263157894736842,1.1728395061728396,1.2
41,Mar 27,585,8,573,110,2,0.013675213675213675,1.231578947368421,1.3333333333333333
42,Mar 28,717,12,701,132,4,0.016736401673640166,1.2256410256410257,1.5
43,Mar 29,848,16,797,131,4,0.018867924528301886,1.1827057182705718,1.3333333333333333
44,Mar 30,993,20,938,145,4,0.02014098690835851,1.1709905660377358,1.25
45,Mar 31,1094,28,1031,101,8,0.025594149908592323,1.1017119838872105,1.4
46,Apr 01,1215,29,1151,121,1,0.023868312757201648,1.1106032906764167,1.0357142857142858
47,Apr 02,1378,37,1306,163,8,0.026850507982583455,1.134156378600823,1.2758620689655173
48,Apr 03,1510,50,827,132,13,0.033112582781456956,1.0957910014513788,1.3513513513513513
49,Apr 04,1688,60,995,178,10,0.035545023696682464,1.1178807947019866,1.2
50,Apr 05,1890,79,1178,202,19,0.0417989417989418,1.1196682464454977,1.3166666666666667
51,Apr 06,2143,94,1416,253,15,0.04386374241717219,1.133862433862434,1.1898734177215189
52,Apr 07,2439,125,1681,296,31,0.05125051250512505,1.1381241250583294,1.3297872340425532
53,Apr 08,2785,141,2011,346,16,0.05062836624775584,1.1418614186141862,1.128
54,Apr 09,3181,174,2374,396,33,0.05469977994341402,1.1421903052064633,1.2340425531914894
55,Apr 10,3441,194,2614,260,20,0.056378959604766056,1.081735303363722,1.1149425287356323
56,Apr 11,3844,233,2978,403,39,0.06061394380853278,1.117117117117117,1.2010309278350515
57,Apr 12,4219,273,2174,375,40,0.06470727660583077,1.097554630593132,1.1716738197424892
58,Apr 13,4661,296,2522,442,23,0.06350568547521991,1.104764162123726,1.0842490842490842
59,Apr 14,5014,332,2718,353,36,0.06621459912245713,1.075734820853894,1.1216216216216217
60,Apr 15,5399,406,2868,385,74,0.07519911094647157,1.0767850019944156,1.2228915662650603
61,Apr 16,5847,449,3273,448,43,0.07679151701727381,1.0829783293202444,1.1059113300492611
62,Apr 17,6297,486,3686,450,37,0.0771796093377799,1.076962544894818,1.0824053452115814
63,Apr 18,6875,546,4204,578,60,0.07941818181818182,1.0917897411465778,1.123456790123457
64,Apr 19,7497,650,4220,622,104,0.08670134720554888,1.0904727272727273,1.1904761904761905
65,Apr 20,8261,686,4948,764,36,0.08304079409272486,1.101907429638522,1.0553846153846154
66,Apr 21,8772,712,5433,511,26,0.08116735066119471,1.0618569180486623,1.0379008746355685
67,Apr 22,9501,857,6017,729,145,0.09020103147037153,1.0831053351573188,1.2036516853932584
68,Apr 23,10544,970,6947,1043,113,0.09199544764795144,1.1097779181138827,1.131855309218203
69,Apr 24,11633,1069,7937,1089,99,0.09189375053726467,1.1032814871016692,1.1020618556701032
70,Apr 25,12872,1221,4502,1239,152,0.09485705407085146,1.106507349780796,1.1421889616463985
71,Apr 26,13842,1305,5388,970,84,0.09427828348504551,1.0753573648228714,1.0687960687960687
72,Apr 27,14677,1351,4972,835,46,0.0920487838114056,1.0603236526513509,1.0352490421455938
73,Apr 28,15529,1434,5009,852,83,0.09234335758902698,1.0580500102200723,1.0614359733530718
74,Apr 29,16752,1569,3760,1223,135,0.09366045845272206,1.0787558761027753,1.094142259414226
