,Dates,Cases,Deaths,Daily Cases,Daily Deaths,CFR,Cases growth rate,Deaths growth rate
0,Feb 15,0,0,0,0,0.0,0.0,0.0
1,Feb 16,0,0,0,0,0.0,0.0,0.0
2,Feb 17,0,0,0,0,0.0,0.0,0.0
3,Feb 18,0,0,0,0,0.0,0.0,0.0
4,Feb 19,0,0,0,0,0.0,0.0,0.0
5,Feb 20,0,0,0,0,0.0,0.0,0.0
6,Feb 21,0,0,0,0,0.0,0.0,0.0
7,Feb 22,0,0,0,0,0.0,0.0,0.0
8,Feb 23,0,0,0,0,0.0,0.0,0.0
9,Feb 24,0,0,0,0,0.0,0.0,0.0
10,Feb 25,0,0,0,0,0.0,0.0,0.0
11,Feb 26,1,0,1,0,0.0,0.0,0.0
12,Feb 27,4,0,3,0,0.0,4.0,0.0
13,Feb 28,6,0,2,0,0.0,1.5,0.0
14,Feb 29,15,0,9,0,0.0,2.5,0.0
15,Mar 01,19,0,4,0,0.0,1.2666666666666666,0.0
16,Mar 02,25,0,6,0,0.0,1.3157894736842106,0.0
17,Mar 03,33,0,8,0,0.0,1.32,0.0
18,Mar 04,59,0,26,0,0.0,1.7878787878787878,0.0
19,Mar 05,94,0,35,0,0.0,1.5932203389830508,0.0
20,Mar 06,127,0,33,0,0.0,1.351063829787234,0.0
21,Mar 07,156,0,29,0,0.0,1.2283464566929134,0.0
22,Mar 08,176,0,20,0,0.0,1.1282051282051282,0.0
23,Mar 09,227,0,51,0,0.0,1.2897727272727273,0.0
24,Mar 10,400,0,173,0,0.0,1.7621145374449338,0.0
25,Mar 11,629,0,229,0,0.0,1.5725,0.0
26,Mar 12,800,1,171,1,0.00125,1.2718600953895072,0.0
27,Mar 13,996,1,196,0,0.001004016064257028,1.245,1.0
28,Mar 14,1109,3,113,2,0.002705139765554554,1.1134538152610443,3.0
29,Mar 15,1256,3,147,0,0.0023885350318471337,1.132551848512173,1.0
30,Mar 16,1348,3,92,0,0.002225519287833828,1.0732484076433122,1.0
31,Mar 17,1471,3,123,0,0.0020394289598912306,1.0912462908011868,1.0
32,Mar 18,1591,6,120,3,0.003771213073538655,1.0815771583956493,2.0
33,Mar 19,1790,7,199,1,0.003910614525139665,1.125078566939032,1.1666666666666667
34,Mar 20,1959,7,169,0,0.0035732516590096988,1.094413407821229,1.0
35,Mar 21,2164,7,205,0,0.003234750462107209,1.1046452271567127,1.0
36,Mar 22,2385,7,221,0,0.0029350104821802936,1.1021256931608132,1.0
37,Mar 23,2625,10,240,3,0.0038095238095238095,1.10062893081761,1.4285714285714286
38,Mar 24,2866,12,241,2,0.00418702023726448,1.0918095238095238,1.2
39,Mar 25,3084,14,218,2,0.004539559014267186,1.0760642009769714,1.1666666666666667
40,Mar 26,3372,14,288,0,0.004151838671411625,1.093385214007782,1.0
41,Mar 27,3771,19,399,5,0.00503845133916733,1.1183274021352314,1.3571428571428572
42,Mar 28,4015,23,244,4,0.00572851805728518,1.0647043224608856,1.2105263157894737
43,Mar 29,4284,26,269,3,0.006069094304388422,1.0669987546699875,1.1304347826086956
44,Mar 30,4445,32,161,6,0.007199100112485939,1.0375816993464053,1.2307692307692308
45,Mar 31,4641,39,196,7,0.008403361344537815,1.0440944881889764,1.21875
46,Apr 01,4877,44,236,5,0.009021939717039164,1.0508511096746391,1.1282051282051282
47,Apr 02,5147,50,270,6,0.009714396735962697,1.055361902809104,1.1363636363636365
48,Apr 03,5370,59,223,9,0.010986964618249535,1.0433262094423936,1.18
49,Apr 04,5550,62,180,3,0.011171171171171172,1.0335195530726258,1.0508474576271187
50,Apr 05,5687,71,137,9,0.012484614032002813,1.0246846846846847,1.1451612903225807
51,Apr 06,5865,76,178,5,0.012958226768968456,1.0312994548971337,1.0704225352112675
52,Apr 07,6086,89,221,13,0.01462372658560631,1.03768115942029,1.1710526315789473
53,Apr 08,6042,101,-44,12,0.016716319099635883,0.9927702924745317,1.1348314606741574
54,Apr 09,6219,108,177,7,0.017366136034732273,1.029294935451837,1.0693069306930694
55,Apr 10,6314,113,95,5,0.01789673740893253,1.0152757678083293,1.0462962962962963
56,Apr 11,6409,119,95,6,0.01856763925729443,1.015045929680076,1.0530973451327434
57,Apr 12,6525,128,116,9,0.019616858237547892,1.0180995475113122,1.0756302521008403
58,Apr 13,6603,134,78,6,0.020293805845827653,1.0119540229885058,1.046875
59,Apr 14,6623,139,20,5,0.020987467914842215,1.003028926245646,1.037313432835821
60,Apr 15,6797,150,174,11,0.022068559658672944,1.026272082138004,1.079136690647482
61,Apr 16,6905,152,108,2,0.022013034033309196,1.0158893629542445,1.0133333333333334
62,Apr 17,6937,161,32,9,0.02320887991927346,1.0046343229543808,1.0592105263157894
63,Apr 18,7036,164,99,3,0.023308698123934053,1.0142712988323483,1.0186335403726707
64,Apr 19,7078,165,42,1,0.02331166996326646,1.0059693007390562,1.0060975609756098
65,Apr 20,7156,181,78,16,0.02529346003353829,1.0110200621644532,1.096969696969697
66,Apr 21,7241,182,85,1,0.025134649910233394,1.011878144214645,1.0055248618784531
67,Apr 22,7338,187,97,5,0.025483783047151813,1.0133959397873222,1.0274725274725274
68,Apr 23,7401,194,63,7,0.026212673962977977,1.008585445625511,1.0374331550802138
69,Apr 24,7463,199,62,5,0.02666488007503685,1.0083772463180651,1.0257731958762886
70,Apr 25,7493,201,30,2,0.02682503670092086,1.004019831167091,1.0100502512562815
71,Apr 26,7527,201,34,0,0.026703866082104424,1.0045375683971707,1.0
72,Apr 27,7599,205,72,4,0.026977233846558757,1.009565563969709,1.0199004975124377
73,Apr 28,7660,206,61,1,0.02689295039164491,1.0080273720226345,1.0048780487804878
74,Apr 29,7710,207,50,1,0.026848249027237352,1.0065274151436032,1.0048543689320388
75,Apr 30,7738,210,28,3,0.027138795554406823,1.0036316472114137,1.0144927536231885
76,May 01,7783,210,45,0,0.026981883592445074,1.00581545619023,1.0
77,May 02,7809,211,26,1,0.027020105007043157,1.0033406141590646,1.0047619047619047
78,May 03,7847,211,38,0,0.026889257040907354,1.0048661800486618,1.0
79,May 04,7904,214,57,3,0.0270748987854251,1.0072639225181599,1.014218009478673
80,May 05,7955,215,51,1,0.02702702702702703,1.0064524291497976,1.0046728971962617
