,Dates,Cases,Deaths,Daily Cases,Daily Deaths,CFR,Cases growth rate,Deaths growth rate
0,Feb 15,0,0,0,0,0.0,0.0,0.0
1,Feb 16,0,0,0,0,0.0,0.0,0.0
2,Feb 17,0,0,0,0,0.0,0.0,0.0
3,Feb 18,0,0,0,0,0.0,0.0,0.0
4,Feb 19,0,0,0,0,0.0,0.0,0.0
5,Feb 20,0,0,0,0,0.0,0.0,0.0
6,Feb 21,0,0,0,0,0.0,0.0,0.0
7,Feb 22,0,0,0,0,0.0,0.0,0.0
8,Feb 23,0,0,0,0,0.0,0.0,0.0
9,Feb 24,0,0,0,0,0.0,0.0,0.0
10,Feb 25,0,0,0,0,0.0,0.0,0.0
11,Feb 26,2,0,2,0,0.0,0.0,0.0
12,Feb 27,2,0,0,0,0.0,1.0,0.0
13,Feb 28,2,0,0,0,0.0,1.0,0.0
14,Feb 29,4,0,2,0,0.0,2.0,0.0
15,Mar 01,4,0,0,0,0.0,1.0,0.0
16,Mar 02,4,0,0,0,0.0,1.0,0.0
17,Mar 03,5,0,1,0,0.0,1.25,0.0
18,Mar 04,5,0,0,0,0.0,1.0,0.0
19,Mar 05,5,0,0,0,0.0,1.0,0.0
20,Mar 06,6,0,1,0,0.0,1.2,0.0
21,Mar 07,6,0,0,0,0.0,1.0,0.0
22,Mar 08,7,0,1,0,0.0,1.1666666666666667,0.0
23,Mar 09,16,0,9,0,0.0,2.2857142857142856,0.0
24,Mar 10,19,0,3,0,0.0,1.1875,0.0
25,Mar 11,20,0,1,0,0.0,1.0526315789473684,0.0
26,Mar 12,21,0,1,0,0.0,1.05,0.0
27,Mar 13,28,0,7,0,0.0,1.3333333333333333,0.0
28,Mar 14,33,0,5,0,0.0,1.1785714285714286,0.0
29,Mar 15,53,0,20,0,0.0,1.606060606060606,0.0
30,Mar 16,184,0,131,0,0.0,3.4716981132075473,0.0
31,Mar 17,247,0,63,0,0.0,1.3423913043478262,0.0
32,Mar 18,307,2,60,2,0.006514657980456026,1.242914979757085,0.0
33,Mar 19,454,2,147,0,0.004405286343612335,1.478827361563518,1.0
34,Mar 20,501,3,47,1,0.005988023952095809,1.10352422907489,1.5
35,Mar 21,645,3,144,0,0.004651162790697674,1.2874251497005988,1.0
36,Mar 22,776,5,131,2,0.006443298969072165,1.2031007751937985,1.6666666666666667
37,Mar 23,875,6,99,1,0.006857142857142857,1.1275773195876289,1.2
38,Mar 24,972,7,97,1,0.00720164609053498,1.1108571428571428,1.1666666666666667
39,Mar 25,1063,8,91,1,0.007525870178739417,1.0936213991769548,1.1428571428571428
40,Mar 26,1201,9,138,1,0.00749375520399667,1.129821260583255,1.125
41,Mar 27,1373,11,172,2,0.008011653313911144,1.1432139883430474,1.2222222222222223
42,Mar 28,1495,12,122,1,0.008026755852842809,1.088856518572469,1.0909090909090908
43,Mar 29,1597,14,102,2,0.008766437069505322,1.0682274247491639,1.1666666666666667
44,Mar 30,1717,21,120,7,0.0122306348281887,1.0751408891671885,1.5
45,Mar 31,1938,26,221,5,0.013415892672858616,1.1287128712871286,1.2380952380952381
46,Apr 01,2118,27,180,1,0.012747875354107648,1.0928792569659442,1.0384615384615385
47,Apr 02,2421,34,303,7,0.014043783560512184,1.1430594900849858,1.2592592592592593
48,Apr 03,2686,40,265,6,0.014892032762472078,1.1094589012804625,1.1764705882352942
49,Apr 04,2818,41,132,1,0.014549325762952448,1.0491437081161579,1.025
50,Apr 05,3157,47,339,6,0.014887551472917327,1.1202980837473386,1.146341463414634
51,Apr 06,3766,53,609,6,0.014073287307488051,1.1929046563192904,1.127659574468085
52,Apr 07,4035,57,269,4,0.01412639405204461,1.0714285714285714,1.0754716981132075
53,Apr 08,4263,61,228,4,0.014309171944639924,1.0565055762081785,1.0701754385964912
54,Apr 09,4489,65,226,4,0.014479839607930497,1.0530143091719446,1.0655737704918034
55,Apr 10,4695,66,206,1,0.014057507987220448,1.0458899532189798,1.0153846153846153
56,Apr 11,5011,86,316,20,0.017162243065256436,1.0673056443024493,1.303030303030303
57,Apr 12,5230,91,219,5,0.01739961759082218,1.0437038515266415,1.058139534883721
58,Apr 13,5496,93,266,2,0.016921397379912665,1.0508604206500956,1.021978021978022
59,Apr 14,5837,96,341,3,0.016446804865513105,1.0620451237263464,1.032258064516129
60,Apr 15,6383,111,546,15,0.017389942033526555,1.0935412026726057,1.15625
61,Apr 16,6919,128,536,17,0.01849978320566556,1.0839730534231553,1.1531531531531531
62,Apr 17,7025,135,106,7,0.019217081850533807,1.0153201329671917,1.0546875
63,Apr 18,7638,143,613,8,0.01872217858078031,1.0872597864768683,1.0592592592592593
64,Apr 19,8348,168,710,25,0.020124580737901295,1.092956271275203,1.1748251748251748
65,Apr 20,8892,176,544,8,0.01979307242465137,1.0651653090560613,1.0476190476190477
66,Apr 21,9565,201,673,25,0.02101411395713539,1.0756860098965362,1.1420454545454546
67,Apr 22,10076,212,511,11,0.021040095275903135,1.053423941453215,1.054726368159204
68,Apr 23,11057,235,981,23,0.02125350456724247,1.0973600635172687,1.1084905660377358
69,Apr 24,11940,253,883,18,0.0211892797319933,1.0798589129058516,1.0765957446808512
70,Apr 25,12723,269,783,16,0.02114281222982001,1.065577889447236,1.0632411067193677
71,Apr 26,13328,281,605,12,0.02108343337334934,1.0475516780633498,1.0446096654275092
72,Apr 27,13915,292,587,11,0.020984549047790155,1.0440426170468187,1.0391459074733096
73,Apr 28,14612,312,697,20,0.021352313167259787,1.050089831117499,1.0684931506849316
74,Apr 29,15525,343,913,31,0.022093397745571657,1.0624828907747057,1.0993589743589745
75,Apr 30,16473,361,948,18,0.02191464821222607,1.0610628019323671,1.0524781341107872
76,May 01,18092,417,1619,56,0.023048861375193457,1.0982820372731137,1.1551246537396123
77,May 02,19022,437,930,20,0.022973399221953527,1.051403935441079,1.0479616306954436
78,May 03,20084,457,1062,20,0.022754431388169686,1.0558300914730312,1.045766590389016
79,May 04,20941,476,857,19,0.022730528628050237,1.0426707827126072,1.0415754923413567
80,May 05,22049,514,1108,38,0.023311714816998504,1.0529105582350413,1.0798319327731092
