,Dates,Cases,Deaths,Daily Cases,Daily Deaths,CFR,Cases growth rate,Deaths growth rate
0,Feb 15,0,0,0,0,0.0,0.0,0.0
1,Feb 16,0,0,0,0,0.0,0.0,0.0
2,Feb 17,0,0,0,0,0.0,0.0,0.0
3,Feb 18,0,0,0,0,0.0,0.0,0.0
4,Feb 19,0,0,0,0,0.0,0.0,0.0
5,Feb 20,0,0,0,0,0.0,0.0,0.0
6,Feb 21,0,0,0,0,0.0,0.0,0.0
7,Feb 22,0,0,0,0,0.0,0.0,0.0
8,Feb 23,0,0,0,0,0.0,0.0,0.0
9,Feb 24,0,0,0,0,0.0,0.0,0.0
10,Feb 25,0,0,0,0,0.0,0.0,0.0
11,Feb 26,0,0,0,0,0.0,0.0,0.0
12,Feb 27,0,0,0,0,0.0,0.0,0.0
13,Feb 28,0,0,0,0,0.0,0.0,0.0
14,Feb 29,0,0,0,0,0.0,0.0,0.0
15,Mar 01,0,0,0,0,0.0,0.0,0.0
16,Mar 02,0,0,0,0,0.0,0.0,0.0
17,Mar 03,0,0,0,0,0.0,0.0,0.0
18,Mar 04,1,0,1,0,0.0,0.0,0.0
19,Mar 05,1,0,0,0,0.0,1.0,0.0
20,Mar 06,5,0,4,0,0.0,5.0,0.0
21,Mar 07,6,0,1,0,0.0,1.2,0.0
22,Mar 08,11,0,5,0,0.0,1.8333333333333333,0.0
23,Mar 09,17,0,6,0,0.0,1.5454545454545454,0.0
24,Mar 10,22,0,5,0,0.0,1.2941176470588236,0.0
25,Mar 11,31,0,9,0,0.0,1.4090909090909092,0.0
26,Mar 12,51,1,20,0,0.0196078431372549,1.6451612903225807,0.0
27,Mar 13,68,2,17,1,0.029411764705882353,1.3333333333333333,2.0
28,Mar 14,104,3,36,1,0.028846153846153848,1.5294117647058822,1.5
29,Mar 15,125,3,21,0,0.024,1.2019230769230769,1.0
30,Mar 16,177,4,52,1,0.022598870056497175,1.416,1.3333333333333333
31,Mar 17,238,5,61,1,0.02100840336134454,1.344632768361582,1.25
32,Mar 18,287,5,49,0,0.017421602787456445,1.2058823529411764,1.0
33,Mar 19,355,5,68,0,0.014084507042253521,1.2369337979094077,1.0
34,Mar 20,425,5,70,0,0.011764705882352941,1.1971830985915493,1.0
35,Mar 21,536,5,111,0,0.009328358208955223,1.2611764705882353,1.0
36,Mar 22,634,7,98,2,0.011041009463722398,1.1828358208955223,1.4
37,Mar 23,749,8,115,1,0.010680907877169559,1.1813880126182965,1.1428571428571428
38,Mar 24,901,10,152,2,0.011098779134295227,1.2029372496662216,1.25
39,Mar 25,1051,14,150,4,0.013320647002854425,1.1664816870144283,1.4
40,Mar 26,1221,16,170,2,0.013104013104013105,1.1617507136060894,1.1428571428571428
41,Mar 27,1389,16,168,0,0.011519078473722102,1.1375921375921376,1.0
42,Mar 28,1638,18,249,2,0.01098901098901099,1.1792656587473003,1.125
43,Mar 29,1862,22,224,4,0.011815252416756176,1.1367521367521367,1.2222222222222223
44,Mar 30,2055,31,193,9,0.01508515815085158,1.1036519871106338,1.4090909090909092
45,Mar 31,2311,33,256,2,0.014279532669839896,1.124574209245742,1.064516129032258
46,Apr 01,2554,43,243,10,0.016836335160532498,1.1051492860233665,1.303030303030303
47,Apr 02,2946,57,392,14,0.019348268839103868,1.1534847298355522,1.3255813953488371
48,Apr 03,3383,71,437,14,0.020987289388117055,1.148336727766463,1.2456140350877194
49,Apr 04,3627,79,244,8,0.02178108629721533,1.0721253325450784,1.1126760563380282
50,Apr 05,4102,94,475,15,0.022915650901999023,1.1309622277364213,1.1898734177215189
51,Apr 06,4413,107,311,13,0.02424654430092907,1.075816674792784,1.1382978723404256
52,Apr 07,4848,129,435,22,0.026608910891089108,1.098572399728076,1.205607476635514
53,Apr 08,5205,159,357,30,0.03054755043227666,1.073638613861386,1.2325581395348837
54,Apr 09,5575,174,370,15,0.031210762331838567,1.0710854947166186,1.0943396226415094
55,Apr 10,5955,181,380,7,0.030394626364399664,1.0681614349775785,1.0402298850574712
56,Apr 11,6356,208,401,27,0.032724984266834484,1.0673383711167086,1.149171270718232
57,Apr 12,6674,232,318,24,0.03476176206173209,1.0500314663310257,1.1153846153846154
58,Apr 13,6934,245,260,13,0.03533314104413037,1.038957147138148,1.0560344827586208
59,Apr 14,7202,263,268,18,0.03651763399055818,1.038650129795212,1.073469387755102
60,Apr 15,7582,286,380,23,0.03772091796359799,1.0527631213551791,1.0874524714828897
61,Apr 16,7918,314,336,28,0.03965647890881536,1.0443154840411502,1.097902097902098
62,Apr 17,8379,332,461,18,0.039622866690535864,1.0582217731750443,1.0573248407643312
63,Apr 18,8742,347,363,15,0.03969343399679707,1.0433225921947726,1.0451807228915662
64,Apr 19,9287,360,545,13,0.03876386346505868,1.0623427133379089,1.037463976945245
65,Apr 20,9593,380,306,20,0.039612217241738766,1.0329492839452998,1.0555555555555556
66,Apr 21,9856,401,263,21,0.040685876623376624,1.0274158240383613,1.055263157894737
67,Apr 22,10169,426,313,25,0.04189202478119776,1.0317573051948052,1.0623441396508728
68,Apr 23,10511,454,342,28,0.043192845590333935,1.0336316255285671,1.0657276995305165
69,Apr 24,10892,494,381,40,0.045354388542049213,1.0362477404623727,1.0881057268722467
70,Apr 25,11273,524,381,30,0.046482746385168104,1.0349798016893133,1.0607287449392713
71,Apr 26,11617,535,344,11,0.046053197899629854,1.0305153907566753,1.0209923664122138
72,Apr 27,11902,562,285,27,0.04721895479751302,1.0245330119652234,1.050467289719626
73,Apr 28,12218,596,316,34,0.04878048780487805,1.0265501596370359,1.0604982206405693
74,Apr 29,12640,624,422,28,0.049367088607594936,1.0345392044524473,1.0469798657718121
75,Apr 30,12877,644,237,20,0.050011648675933836,1.01875,1.0320512820512822
76,May 01,13105,651,228,7,0.049675696299122475,1.01770598741943,1.0108695652173914
77,May 02,13375,664,270,13,0.04964485981308411,1.0206028233498665,1.0199692780337941
78,May 03,13693,678,318,14,0.049514350398013586,1.0237757009345794,1.0210843373493976
79,May 04,14006,698,313,20,0.04983578466371555,1.022858394800263,1.0294985250737463
80,May 05,14431,716,425,18,0.04961541126741044,1.0303441382264744,1.0257879656160458
