,Dates,Cases,Deaths,Daily Cases,Daily Deaths,CFR,Cases growth rate,Deaths growth rate
0,Feb 15,2,0,0,0,0.0,1.287249790821909e-05,0.0
1,Feb 16,2,0,0,0,0.0,1.0,0.0
2,Feb 17,2,0,0,0,0.0,1.0,0.0
3,Feb 18,2,0,0,0,0.0,1.0,0.0
4,Feb 19,2,0,0,0,0.0,1.0,0.0
5,Feb 20,2,0,0,0,0.0,1.0,0.0
6,Feb 21,2,0,0,0,0.0,1.0,0.0
7,Feb 22,2,0,0,0,0.0,1.0,0.0
8,Feb 23,2,0,0,0,0.0,1.0,0.0
9,Feb 24,2,0,0,0,0.0,1.0,0.0
10,Feb 25,2,0,0,0,0.0,1.0,0.0
11,Feb 26,2,0,0,0,0.0,1.0,0.0
12,Feb 27,2,0,0,0,0.0,1.0,0.0
13,Feb 28,2,0,0,0,0.0,1.0,0.0
14,Feb 29,2,0,0,0,0.0,1.0,0.0
15,Mar 01,2,0,0,0,0.0,1.0,0.0
16,Mar 02,3,0,1,0,0.0,1.5,0.0
17,Mar 03,3,0,0,0,0.0,1.0,0.0
18,Mar 04,3,0,0,0,0.0,1.0,0.0
19,Mar 05,7,0,4,0,0.0,2.3333333333333335,0.0
20,Mar 06,13,0,6,0,0.0,1.8571428571428572,0.0
21,Mar 07,14,0,1,0,0.0,1.0769230769230769,0.0
22,Mar 08,17,0,3,0,0.0,1.2142857142857142,0.0
23,Mar 09,20,0,3,0,0.0,1.1764705882352942,0.0
24,Mar 10,20,0,0,0,0.0,1.0,0.0
25,Mar 11,28,0,8,0,0.0,1.4,0.0
26,Mar 12,34,0,6,0,0.0,1.2142857142857142,0.0
27,Mar 13,45,0,11,0,0.0,1.3235294117647058,0.0
28,Mar 14,59,0,14,0,0.0,1.3111111111111111,0.0
29,Mar 15,63,0,4,0,0.0,1.0677966101694916,0.0
30,Mar 16,93,0,30,0,0.0,1.4761904761904763,0.0
31,Mar 17,114,0,21,0,0.0,1.2258064516129032,0.0
32,Mar 18,147,0,33,0,0.0,1.2894736842105263,0.0
33,Mar 19,199,1,52,1,0.005025125628140704,1.3537414965986394,0.0
34,Mar 20,253,1,54,0,0.003952569169960474,1.271356783919598,1.0
35,Mar 21,306,1,53,0,0.0032679738562091504,1.209486166007905,1.0
36,Mar 22,367,1,61,0,0.0027247956403269754,1.1993464052287581,1.0
37,Mar 23,438,1,71,0,0.00228310502283105,1.1934604904632153,1.0
38,Mar 24,495,1,57,0,0.00202020202020202,1.13013698630137,1.0
39,Mar 25,658,3,163,2,0.004559270516717325,1.3292929292929292,3.0
40,Mar 26,840,3,182,0,0.0035714285714285713,1.2765957446808511,1.0
41,Mar 27,1036,4,196,1,0.003861003861003861,1.2333333333333334,1.3333333333333333
42,Mar 28,1264,4,228,0,0.0031645569620253164,1.22007722007722,1.0
43,Mar 29,1534,8,270,4,0.005215123859191656,1.2136075949367089,2.0
44,Mar 30,1836,9,302,1,0.004901960784313725,1.196870925684485,1.125
45,Mar 31,2337,17,501,8,0.007274283269148481,1.272875816993464,1.8888888888888888
46,Apr 01,2777,24,440,7,0.008642419877565718,1.188275566966196,1.411764705882353
47,Apr 02,3548,30,771,6,0.008455467869222097,1.2776377385667987,1.25
48,Apr 03,4149,34,601,4,0.008194745721860689,1.169391206313416,1.1333333333333333
49,Apr 04,4731,43,582,9,0.009088987529063623,1.1402747650036154,1.2647058823529411
50,Apr 05,5389,45,658,2,0.00835034329189089,1.1390826463749735,1.0465116279069768
51,Apr 06,6343,47,954,2,0.00740974302380577,1.1770272777880868,1.0444444444444445
52,Apr 07,7497,58,1154,11,0.007736427904495131,1.1819328393504651,1.2340425531914894
53,Apr 08,8672,63,1175,5,0.007264760147601476,1.1567293584100307,1.0862068965517242
54,Apr 09,10131,76,1459,13,0.007501727371434212,1.1682426199261993,1.2063492063492063
55,Apr 10,11917,94,1786,18,0.007887891247797265,1.176290593228704,1.236842105263158
56,Apr 11,13584,106,1667,12,0.007803297997644287,1.1398841990433835,1.127659574468085
57,Apr 12,15770,130,2186,24,0.008243500317057704,1.160924617196702,1.2264150943396226
58,Apr 13,18328,148,2558,18,0.008075076385857704,1.1622067216233354,1.1384615384615384
59,Apr 14,21102,170,2774,22,0.008056108425741636,1.1513531209079004,1.1486486486486487
60,Apr 15,24490,198,3388,28,0.008084932625561453,1.1605535020377216,1.1647058823529413
61,Apr 16,27938,232,3448,34,0.008304101940010022,1.1407921600653328,1.1717171717171717
62,Apr 17,32008,273,4070,41,0.008529117720569858,1.1456797193786241,1.1767241379310345
63,Apr 18,36793,313,4785,40,0.008507052972032724,1.1494938765308673,1.1465201465201464
64,Apr 19,42853,361,6060,48,0.008424147667607868,1.1647052428451063,1.1533546325878594
65,Apr 20,47121,405,4268,44,0.00859489399630738,1.0995962943084499,1.1218836565096952
66,Apr 21,52763,456,5642,51,0.008642419877565718,1.1197343010547314,1.125925925925926
67,Apr 22,57999,513,5236,57,0.00884498008586355,1.099236207190645,1.125
68,Apr 23,62773,555,4774,42,0.008841380848453952,1.082311763995931,1.0818713450292399
69,Apr 24,68622,615,5849,60,0.008962140421439188,1.0931770028515444,1.1081081081081081
70,Apr 25,74588,681,5966,66,0.00913015498471604,1.0869400483809857,1.1073170731707318
71,Apr 26,80949,747,6361,66,0.009228032464885298,1.0852818147691317,1.0969162995594715
72,Apr 27,87147,794,6198,47,0.009111042261925252,1.0765667271986066,1.0629183400267737
73,Apr 28,93558,867,6411,73,0.009266978772526134,1.073565355089676,1.0919395465994963
74,Apr 29,99399,972,5841,105,0.009778770410165092,1.062431860450202,1.1211072664359862
75,Apr 30,106498,1073,7099,101,0.010075306578527296,1.071419229569714,1.103909465020576
76,May 01,114431,1169,7933,96,0.010215763211017994,1.074489661777686,1.0894687791239515
77,May 02,124054,1222,9623,53,0.009850548954487563,1.0840943450638376,1.0453378956372967
78,May 03,134687,1280,10633,58,0.009503515558294416,1.0857126735131475,1.0474631751227497
79,May 04,145268,1356,10581,76,0.009334471459646998,1.0785599204080571,1.059375
80,May 05,155370,1451,10102,95,0.00933899723241295,1.0695404356086682,1.0700589970501475
