,Dates,Cases,Deaths,Active Cases,Daily Cases,Daily Deaths,CFR,Cases growth rate,Deaths growth rate
0,Feb 15,0,0,0,0,0,0.0,0.0,0.0
1,Feb 16,0,0,0,0,0,0.0,0.0,0.0
2,Feb 17,0,0,0,0,0,0.0,0.0,0.0
3,Feb 18,0,0,0,0,0,0.0,0.0,0.0
4,Feb 19,0,0,0,0,0,0.0,0.0,0.0
5,Feb 20,0,0,0,0,0,0.0,0.0,0.0
6,Feb 21,0,0,0,0,0,0.0,0.0,0.0
7,Feb 22,0,0,0,0,0,0.0,0.0,0.0
8,Feb 23,0,0,0,0,0,0.0,0.0,0.0
9,Feb 24,0,0,0,0,0,0.0,0.0,0.0
10,Feb 25,0,0,0,0,0,0.0,0.0,0.0
11,Feb 26,0,0,0,0,0,0.0,0.0,0.0
12,Feb 27,1,0,1,1,0,0.0,0.0,0.0
13,Feb 28,1,0,1,0,0,0.0,1.0,0.0
14,Feb 29,1,0,1,0,0,0.0,1.0,0.0
15,Mar 01,9,1,8,8,1,0.1111111111111111,9.0,0.0
16,Mar 02,9,1,8,0,0,0.1111111111111111,1.0,1.0
17,Mar 03,11,1,10,2,0,0.09090909090909091,1.2222222222222223,1.0
18,Mar 04,17,1,16,6,0,0.058823529411764705,1.5454545454545454,1.0
19,Mar 05,22,1,21,5,0,0.045454545454545456,1.2941176470588236,1.0
20,Mar 06,24,1,23,2,0,0.041666666666666664,1.0909090909090908,1.0
21,Mar 07,27,1,26,3,0,0.037037037037037035,1.125,1.0
22,Mar 08,37,1,36,10,0,0.02702702702702703,1.3703703703703705,1.0
23,Mar 09,51,2,49,14,1,0.0392156862745098,1.3783783783783783,2.0
24,Mar 10,62,2,60,11,0,0.03225806451612903,1.2156862745098038,1.0
25,Mar 11,69,3,66,7,1,0.043478260869565216,1.1129032258064515,1.5
26,Mar 12,72,5,67,3,2,0.06944444444444445,1.0434782608695652,1.6666666666666667
27,Mar 13,80,5,73,8,0,0.0625,1.1111111111111112,1.0
28,Mar 14,101,5,92,21,0,0.04950495049504951,1.2625,1.0
29,Mar 15,109,7,98,8,2,0.06422018348623854,1.0792079207920793,1.4
30,Mar 16,109,9,96,0,2,0.08256880733944955,1.0,1.2857142857142858
31,Mar 17,119,11,104,10,2,0.09243697478991597,1.091743119266055,1.2222222222222223
32,Mar 18,140,14,122,21,3,0.1,1.1764705882352942,1.2727272727272727
33,Mar 19,144,14,126,4,0,0.09722222222222222,1.0285714285714285,1.0
34,Mar 20,151,14,133,7,0,0.09271523178807947,1.0486111111111112,1.0
35,Mar 21,160,20,136,9,6,0.125,1.0596026490066226,1.4285714285714286
36,Mar 22,175,20,151,15,0,0.11428571428571428,1.09375,1.0
37,Mar 23,187,20,163,12,0,0.10695187165775401,1.0685714285714285,1.0
38,Mar 24,187,21,162,0,1,0.11229946524064172,1.0,1.05
39,Mar 25,208,21,183,21,0,0.10096153846153846,1.1122994652406417,1.0
40,Mar 26,208,21,183,0,0,0.10096153846153846,1.0,1.0
41,Mar 27,223,21,196,15,0,0.09417040358744394,1.0721153846153846,1.0
42,Mar 28,224,22,196,1,1,0.09821428571428571,1.0044843049327354,1.0476190476190477
43,Mar 29,224,22,196,0,0,0.09821428571428571,1.0,1.0
44,Mar 30,230,25,192,6,3,0.10869565217391304,1.0267857142857142,1.1363636363636365
45,Mar 31,236,26,197,6,1,0.11016949152542373,1.0260869565217392,1.04
46,Apr 01,236,28,195,0,2,0.11864406779661017,1.0,1.0769230769230769
47,Apr 02,245,30,194,9,2,0.12244897959183673,1.0381355932203389,1.0714285714285714
48,Apr 03,251,32,193,6,2,0.12749003984063745,1.0244897959183674,1.0666666666666667
49,Apr 04,259,32,200,8,0,0.12355212355212356,1.0318725099601593,1.0
50,Apr 05,266,32,199,7,0,0.12030075187969924,1.027027027027027,1.0
51,Apr 06,277,32,210,11,0,0.11552346570397112,1.0413533834586466,1.0
52,Apr 07,279,34,205,2,2,0.12186379928315412,1.0072202166064983,1.0625
53,Apr 08,308,34,229,29,0,0.11038961038961038,1.103942652329749,1.0
54,Apr 09,333,34,250,25,0,0.1021021021021021,1.0811688311688312,1.0
55,Apr 10,344,34,260,11,0,0.09883720930232558,1.033033033033033,1.0
56,Apr 11,356,35,268,12,1,0.09831460674157304,1.0348837209302326,1.0294117647058822
57,Apr 12,356,35,268,0,0,0.09831460674157304,1.0,1.0
58,Apr 13,371,36,282,15,1,0.09703504043126684,1.0421348314606742,1.0285714285714285
59,Apr 14,372,36,283,1,0,0.0967741935483871,1.0026954177897573,1.0
60,Apr 15,393,36,304,21,0,0.0916030534351145,1.0564516129032258,1.0
61,Apr 16,426,38,333,33,2,0.0892018779342723,1.083969465648855,1.0555555555555556
62,Apr 17,435,39,339,9,1,0.0896551724137931,1.0211267605633803,1.0263157894736843
63,Apr 18,455,39,356,20,0,0.08571428571428572,1.0459770114942528,1.0
64,Apr 19,461,39,362,6,0,0.08459869848156182,1.0131868131868131,1.0
65,Apr 20,462,39,362,1,0,0.08441558441558442,1.002169197396963,1.0
66,Apr 21,476,40,374,14,1,0.08403361344537816,1.0303030303030303,1.0256410256410255
67,Apr 22,488,40,386,12,0,0.08196721311475409,1.0252100840336134,1.0
68,Apr 23,501,40,398,13,0,0.07984031936127745,1.026639344262295,1.0
69,Apr 24,513,40,409,12,0,0.07797270955165692,1.0239520958083832,1.0
70,Apr 25,513,40,409,0,0,0.07797270955165692,1.0,1.0
71,Apr 26,538,41,433,25,1,0.0762081784386617,1.0487329434697856,1.025
72,Apr 27,538,41,433,0,0,0.0762081784386617,1.0,1.0
73,Apr 28,553,41,448,15,0,0.07414104882459313,1.0278810408921932,1.0
74,Apr 29,563,41,453,10,0,0.07282415630550622,1.0180831826401446,1.0
