,Dates,Cases,Deaths,Daily Cases,Daily Deaths,CFR,Cases growth rate,Deaths growth rate
0,Feb 15,2,0,0,0,0.0,7.982088194092457e-06,0.0
1,Feb 16,2,0,0,0,0.0,1.0,0.0
2,Feb 17,2,0,0,0,0.0,1.0,0.0
3,Feb 18,2,0,0,0,0.0,1.0,0.0
4,Feb 19,2,0,0,0,0.0,1.0,0.0
5,Feb 20,2,0,0,0,0.0,1.0,0.0
6,Feb 21,2,0,0,0,0.0,1.0,0.0
7,Feb 22,2,0,0,0,0.0,1.0,0.0
8,Feb 23,2,0,0,0,0.0,1.0,0.0
9,Feb 24,3,0,1,0,0.0,1.5,0.0
10,Feb 25,9,0,6,0,0.0,3.0,0.0
11,Feb 26,13,0,4,0,0.0,1.4444444444444444,0.0
12,Feb 27,25,0,12,0,0.0,1.9230769230769231,0.0
13,Feb 28,33,0,8,0,0.0,1.32,0.0
14,Feb 29,58,0,25,0,0.0,1.7575757575757576,0.0
15,Mar 01,84,0,26,0,0.0,1.4482758620689655,0.0
16,Mar 02,120,0,36,0,0.0,1.4285714285714286,0.0
17,Mar 03,165,1,45,1,0.006060606060606061,1.375,0.0
18,Mar 04,228,2,63,1,0.008771929824561403,1.3818181818181818,2.0
19,Mar 05,282,3,54,1,0.010638297872340425,1.236842105263158,1.5
20,Mar 06,401,8,119,5,0.0199501246882793,1.4219858156028369,2.6666666666666665
21,Mar 07,525,10,124,2,0.01904761904761905,1.3092269326683292,1.25
22,Mar 08,674,17,149,7,0.025222551928783383,1.2838095238095237,1.7
23,Mar 09,1231,30,557,13,0.024370430544272948,1.8264094955489614,1.7647058823529411
24,Mar 10,1695,36,464,6,0.021238938053097345,1.3769293257514217,1.2
25,Mar 11,2277,55,582,19,0.024154589371980676,1.343362831858407,1.5277777777777777
26,Mar 12,3146,86,869,31,0.02733630006357279,1.3816425120772946,1.5636363636363637
27,Mar 13,5232,133,2086,47,0.025420489296636085,1.663064208518754,1.5465116279069768
28,Mar 14,6391,196,1159,63,0.03066812705366922,1.2215214067278288,1.4736842105263157
29,Mar 15,7988,294,1597,98,0.036805207811717575,1.249882647473009,1.5
30,Mar 16,9942,342,1954,48,0.0343995171997586,1.244616925388082,1.163265306122449
31,Mar 17,11826,533,1884,191,0.04507018433959073,1.1894990947495474,1.5584795321637428
32,Mar 18,14769,638,2943,105,0.04319859164466112,1.2488584474885844,1.1969981238273921
33,Mar 19,18077,831,3308,193,0.045970017148863195,1.223982666395829,1.3025078369905956
34,Mar 20,21571,1093,3494,262,0.050669880858560105,1.1932842838966642,1.3152827918170877
35,Mar 21,25496,1381,3925,288,0.054165359272042676,1.1819572574289556,1.263494967978042
36,Mar 22,28768,1772,3272,391,0.06159621802002225,1.1283338562911829,1.283128167994207
37,Mar 23,35136,2311,6368,539,0.06577299635701275,1.221357063403782,1.304176072234763
38,Mar 24,42058,2991,6922,680,0.0711160777973275,1.1970059198542806,1.2942449156209432
39,Mar 25,49515,3647,7457,656,0.07365444814702615,1.1773027723619762,1.219324640588432
40,Mar 26,57786,4365,8271,718,0.07553732738033433,1.1670402908209634,1.1968741431313408
41,Mar 27,65719,5138,7933,773,0.07818134785982744,1.137282386737272,1.1770904925544101
42,Mar 28,73235,5982,7516,844,0.08168225575203113,1.1143657085469956,1.164266251459712
43,Mar 29,80110,6803,6875,821,0.0849207339907627,1.0938758790195944,1.1372450685389501
44,Mar 30,87956,7716,7846,913,0.08772568102232935,1.0979403320434402,1.1342054975745994
45,Mar 31,95923,8464,7967,748,0.08823744044702522,1.0905793805993906,1.0969414204250907
46,Apr 01,104118,9387,8195,923,0.09015732150060508,1.0854331078052188,1.1090500945179584
47,Apr 02,112065,10348,7947,961,0.09233926738946148,1.0763268599089495,1.1023756258655588
48,Apr 03,119199,11198,7134,850,0.09394374113876794,1.0636594833355641,1.0821414766138384
49,Apr 04,126168,11947,6969,749,0.0946912053769577,1.0584652555810032,1.0668869440971602
50,Apr 05,131646,12641,5478,694,0.09602266684897376,1.04341829941031,1.0580898970452834
51,Apr 06,136675,13341,5029,700,0.0976111212730931,1.0382009328046427,1.055375365872953
52,Apr 07,141942,14045,5267,704,0.09894886643840442,1.0385366745930127,1.052769657446968
53,Apr 08,148220,14792,6278,747,0.09979759816489003,1.0442293331078891,1.053186187255251
54,Apr 09,153222,15447,5002,655,0.10081450444453147,1.0337471326406693,1.0442806922660899
55,Apr 10,158273,16081,5051,634,0.1016029265888686,1.0329652399785931,1.0410435683304202
56,Apr 11,163027,16606,4754,525,0.1018604280272593,1.0300367087247984,1.0326472234313786
57,Apr 12,166831,17209,3804,603,0.10315229184024552,1.0233335582449532,1.0363121763218115
58,Apr 13,170099,17756,3268,547,0.10438626917265828,1.0195886855560417,1.0317856935324539
59,Apr 14,174060,18255,3961,499,0.10487762840399863,1.023286439073716,1.028103176391079
60,Apr 15,180659,18812,6599,557,0.10412988005026043,1.0379122141790187,1.030512188441523
61,Apr 16,184948,19130,4289,318,0.10343447888055021,1.0237408598519864,1.0169041037635551
62,Apr 17,190839,19478,5891,348,0.10206509151693312,1.031852196293012,1.0181913225300574
63,Apr 18,194416,20043,3577,565,0.10309336680108633,1.0187435482265155,1.0290070849163158
64,Apr 19,198674,20453,4258,410,0.10294754220481794,1.0219014895893341,1.0204560195579504
65,Apr 20,200210,20852,1536,399,0.10415064182608261,1.0077312582421454,1.0195081406150688
66,Apr 21,204178,21282,3968,430,0.10423258137507468,1.0198191898506568,1.0206215231152886
67,Apr 22,208389,21717,4211,435,0.10421375408490852,1.0206241612710478,1.0204398082886947
68,Apr 23,213024,22157,4635,440,0.10401175454408892,1.0222420569223902,1.0202606253165722
69,Apr 24,219764,22524,6740,367,0.10249176389217524,1.0316396274598167,1.0165636142076997
70,Apr 25,223759,22902,3995,378,0.10235119034318173,1.0181785915800585,1.0167820990942995
71,Apr 26,226629,23190,2870,288,0.1023258276743047,1.012826299724257,1.0125753209326696
72,Apr 27,229422,23521,2793,331,0.10252286180052479,1.0123241068001005,1.0142733937041828
73,Apr 28,232128,23822,2706,301,0.1026244141163496,1.0117948583832415,1.012797074954296
74,Apr 29,236899,24275,4771,453,0.10246982891443189,1.0205533154121864,1.019016035597347
75,Apr 30,239340,24543,2441,268,0.10254449736776135,1.010303969202065,1.0110401647785787
76,May 01,242979,24824,3639,281,0.10216520769284589,1.0152043118576084,1.011449293077456
77,May 02,245589,25100,2610,276,0.10220327457663006,1.0107416690331263,1.0111182726393813
78,May 03,247122,25264,1533,164,0.1022329052047167,1.0062421362520308,1.0065338645418327
79,May 04,248301,25428,1179,164,0.10240796452692498,1.0047709228640105,1.0064914502849904
80,May 05,250561,25613,2260,185,0.10222261245764505,1.009101856214836,1.007275444392009
