,Dates,Cases,Deaths,Active Cases,Daily Cases,Daily Deaths,CFR,Cases growth rate,Deaths growth rate
0,Feb 15,0,0,0,0,0,0.0,0.0,0.0
1,Feb 16,0,0,0,0,0,0.0,0.0,0.0
2,Feb 17,0,0,0,0,0,0.0,0.0,0.0
3,Feb 18,0,0,0,0,0,0.0,0.0,0.0
4,Feb 19,0,0,0,0,0,0.0,0.0,0.0
5,Feb 20,0,0,0,0,0,0.0,0.0,0.0
6,Feb 21,0,0,0,0,0,0.0,0.0,0.0
7,Feb 22,0,0,0,0,0,0.0,0.0,0.0
8,Feb 23,0,0,0,0,0,0.0,0.0,0.0
9,Feb 24,0,0,0,0,0,0.0,0.0,0.0
10,Feb 25,1,0,1,1,0,0.0,0.0,0.0
11,Feb 26,1,0,1,0,0,0.0,1.0,0.0
12,Feb 27,8,0,8,7,0,0.0,8.0,0.0
13,Feb 28,15,0,15,7,0,0.0,1.875,0.0
14,Feb 29,19,0,19,4,0,0.0,1.2666666666666666,0.0
15,Mar 01,24,0,23,5,0,0.0,1.263157894736842,0.0
16,Mar 02,30,0,29,6,0,0.0,1.25,0.0
17,Mar 03,58,0,56,28,0,0.0,1.9333333333333333,0.0
18,Mar 04,93,0,90,35,0,0.0,1.603448275862069,0.0
19,Mar 05,120,1,116,27,1,0.008333333333333333,1.2903225806451613,0.0
20,Mar 06,214,1,210,94,0,0.004672897196261682,1.7833333333333334,1.0
21,Mar 07,268,1,264,54,0,0.0037313432835820895,1.2523364485981308,1.0
22,Mar 08,332,2,327,64,1,0.006024096385542169,1.2388059701492538,2.0
23,Mar 09,374,2,369,42,0,0.0053475935828877,1.1265060240963856,1.0
24,Mar 10,497,3,491,123,1,0.006036217303822937,1.3288770053475936,1.5
25,Mar 11,652,4,644,155,1,0.006134969325153374,1.311871227364185,1.3333333333333333
26,Mar 12,868,7,857,216,3,0.008064516129032258,1.3312883435582823,1.75
27,Mar 13,1139,11,1124,271,4,0.009657594381035996,1.3122119815668203,1.5714285714285714
28,Mar 14,1375,13,1358,236,2,0.009454545454545455,1.2071992976294996,1.1818181818181819
29,Mar 15,2217,14,2199,842,1,0.006314839873703203,1.6123636363636364,1.0769230769230769
30,Mar 16,2353,19,2330,136,5,0.008074798130046749,1.0613441587731167,1.3571428571428572
31,Mar 17,2742,27,2700,389,8,0.009846827133479213,1.1653208669783255,1.4210526315789473
32,Mar 18,3115,33,3067,373,6,0.01059390048154093,1.1360320933625092,1.2222222222222223
33,Mar 19,4222,43,4164,1107,10,0.010184746565608716,1.3553772070626002,1.303030303030303
34,Mar 20,5615,56,5544,1393,13,0.009973285841495993,1.3299384178114637,1.302325581395349
35,Mar 21,6863,80,6652,1248,24,0.011656709893632522,1.2222617987533393,1.4285714285714286
36,Mar 22,7474,98,7245,611,18,0.013112122023013113,1.0890281218126183,1.225
37,Mar 23,8795,120,8544,1321,22,0.013644115974985787,1.1767460529836768,1.2244897959183674
38,Mar 24,9877,122,9624,1082,2,0.012351928723296548,1.1230244457077885,1.0166666666666666
39,Mar 25,10897,153,10613,1020,31,0.014040561622464899,1.1032702237521514,1.2540983606557377
40,Mar 26,11811,192,11488,914,39,0.016256032512065022,1.0838762962283197,1.2549019607843137
41,Mar 27,12928,231,11167,1117,39,0.01786819306930693,1.0945728558123784,1.203125
42,Mar 28,14076,264,12282,1148,33,0.01875532821824382,1.088799504950495,1.1428571428571428
43,Mar 29,14829,300,12934,753,36,0.020230629172567266,1.0534953111679455,1.1363636363636365
44,Mar 30,15922,359,13740,1093,59,0.022547418665996733,1.0737069256187202,1.1966666666666668
45,Mar 31,16605,433,14349,683,74,0.026076482987052094,1.042896621027509,1.2061281337047354
46,Apr 01,17768,488,14313,1163,55,0.027465105808194508,1.0700391448358928,1.1270207852193996
47,Apr 02,18827,536,14278,1059,48,0.028469750889679714,1.059601530841963,1.098360655737705
48,Apr 03,19606,591,14169,779,55,0.030143833520350913,1.0413767461624264,1.1026119402985075
49,Apr 04,20505,666,13424,899,75,0.03247988295537674,1.0458533102111598,1.1269035532994924
50,Apr 05,21100,715,13970,595,49,0.03388625592417062,1.0290173128505242,1.0735735735735736
51,Apr 06,21657,765,12836,557,50,0.03532345200166228,1.026398104265403,1.06993006993007
52,Apr 07,22253,821,12728,596,56,0.03689390194580506,1.027519970448354,1.073202614379085
53,Apr 08,23280,895,12585,1027,74,0.038445017182130586,1.0461510807531569,1.0901339829476249
54,Apr 09,24051,948,12503,771,53,0.03941624048896096,1.033118556701031,1.059217877094972
55,Apr 10,24551,1002,12449,500,54,0.040813001507066925,1.0207891563760343,1.0569620253164558
56,Apr 11,25107,1036,11971,556,34,0.041263392679332454,1.0226467353671949,1.033932135728543
57,Apr 12,25415,1106,11609,308,70,0.04351760771198111,1.0122674951208825,1.0675675675675675
58,Apr 13,25688,1138,10850,273,32,0.04430084085954531,1.0107416879795397,1.0289330922242315
59,Apr 14,25936,1174,11062,248,36,0.0452652683528686,1.009654313298038,1.031634446397188
60,Apr 15,26336,1239,9697,400,65,0.0470458687727825,1.0154225786551512,1.055366269165247
61,Apr 16,26732,1281,9551,396,42,0.04792009576537483,1.0150364520048603,1.0338983050847457
62,Apr 17,27078,1327,9351,346,46,0.04900657360218628,1.012943288942092,1.0359094457455114
63,Apr 18,27404,1368,8936,326,41,0.04991971974894176,1.0120392938917202,1.0308967596081386
64,Apr 19,27740,1393,8547,336,25,0.05021629416005768,1.0122609837979857,1.0182748538011697
65,Apr 20,27944,1429,7915,204,36,0.051137990266246776,1.007354001441961,1.0258435032304378
66,Apr 21,28063,1478,7185,119,49,0.05266721305633753,1.004258517034068,1.0342897130860742
67,Apr 22,28268,1509,6859,205,31,0.053381915947360976,1.0073049923386665,1.0209742895805143
68,Apr 23,28496,1549,6347,228,40,0.0543585064570466,1.008065657280317,1.0265076209410204
69,Apr 24,28677,1589,6088,181,40,0.055410259092652646,1.0063517686692869,1.025823111684958
70,Apr 25,28894,1599,5995,217,10,0.05534020903993909,1.0075670397879835,1.0062932662051605
71,Apr 26,29061,1610,5651,167,11,0.0554007088537903,1.0057797466602063,1.0068792995622264
72,Apr 27,29164,1665,5299,103,55,0.05709093402825401,1.0035442689515157,1.0341614906832297
73,Apr 28,29264,1699,4965,100,34,0.05805768179332969,1.003428884926622,1.0204204204204204
74,Apr 29,29407,1716,5091,143,17,0.05835345325942803,1.0048865500273374,1.0100058858151855
75,Apr 30,29586,1737,4449,179,21,0.05871020077063476,1.006086986091747,1.0122377622377623
