,Dates,Cases,Deaths,Daily Cases,Daily Deaths,CFR,Cases growth rate,Deaths growth rate
0,Feb 15,0,0,0,0,0.0,0.0,0.0
1,Feb 16,0,0,0,0,0.0,0.0,0.0
2,Feb 17,0,0,0,0,0.0,0.0,0.0
3,Feb 18,0,0,0,0,0.0,0.0,0.0
4,Feb 19,0,0,0,0,0.0,0.0,0.0
5,Feb 20,0,0,0,0,0.0,0.0,0.0
6,Feb 21,0,0,0,0,0.0,0.0,0.0
7,Feb 22,0,0,0,0,0.0,0.0,0.0
8,Feb 23,0,0,0,0,0.0,0.0,0.0
9,Feb 24,0,0,0,0,0.0,0.0,0.0
10,Feb 25,0,0,0,0,0.0,0.0,0.0
11,Feb 26,0,0,0,0,0.0,0.0,0.0
12,Feb 27,0,0,0,0,0.0,0.0,0.0
13,Feb 28,0,0,0,0,0.0,0.0,0.0
14,Feb 29,0,0,0,0,0.0,0.0,0.0
15,Mar 01,0,0,0,0,0.0,0.0,0.0
16,Mar 02,0,0,0,0,0.0,0.0,0.0
17,Mar 03,0,0,0,0,0.0,0.0,0.0
18,Mar 04,0,0,0,0,0.0,0.0,0.0
19,Mar 05,0,0,0,0,0.0,0.0,0.0
20,Mar 06,0,0,0,0,0.0,0.0,0.0
21,Mar 07,0,0,0,0,0.0,0.0,0.0
22,Mar 08,0,0,0,0,0.0,0.0,0.0
23,Mar 09,0,0,0,0,0.0,0.0,0.0
24,Mar 10,1,0,1,0,0.0,0.0,0.0
25,Mar 11,1,0,0,0,0.0,1.0,0.0
26,Mar 12,1,0,0,0,0.0,1.0,0.0
27,Mar 13,5,0,4,0,0.0,5.0,0.0
28,Mar 14,6,0,1,0,0.0,1.2,0.0
29,Mar 15,18,0,12,0,0.0,3.0,0.0
30,Mar 16,47,0,29,0,0.0,2.611111111111111,0.0
31,Mar 17,98,1,51,0,0.01020408163265306,2.0851063829787235,0.0
32,Mar 18,191,2,93,1,0.010471204188481676,1.9489795918367347,2.0
33,Mar 19,359,4,168,2,0.011142061281337047,1.8795811518324608,2.0
34,Mar 20,670,9,311,5,0.013432835820895522,1.8662952646239555,2.25
35,Mar 21,947,21,277,12,0.022175290390707498,1.4134328358208956,2.3333333333333335
36,Mar 22,1236,30,289,9,0.024271844660194174,1.3051742344244983,1.4285714285714286
37,Mar 23,1529,37,293,7,0.02419882275997384,1.2370550161812297,1.2333333333333334
38,Mar 24,1872,44,343,7,0.023504273504273504,1.224329627207325,1.1891891891891893
39,Mar 25,2433,59,561,15,0.02424989724619811,1.2996794871794872,1.3409090909090908
40,Mar 26,3629,75,1196,16,0.020666850372003307,1.4915741882449651,1.271186440677966
41,Mar 27,5698,92,2069,17,0.016146016146016146,1.5701295122623313,1.2266666666666666
42,Mar 28,7402,108,1704,16,0.01459065117535801,1.299052299052299,1.173913043478261
43,Mar 29,9217,131,1815,23,0.014212867527395031,1.245203998919211,1.212962962962963
44,Mar 30,10827,168,1610,37,0.015516763646439457,1.1746772268634045,1.282442748091603
45,Mar 31,13531,214,2704,46,0.015815534698100656,1.249746005356978,1.2738095238095237
46,Apr 01,15679,277,2148,63,0.017666943044837045,1.1587465819229916,1.294392523364486
47,Apr 02,18135,356,2456,79,0.019630548662806727,1.156642643025703,1.2851985559566788
48,Apr 03,20921,425,2786,69,0.020314516514506956,1.1536255858836504,1.1938202247191012
49,Apr 04,23934,501,3013,76,0.020932564552519427,1.1440179723722574,1.1788235294117646
50,Apr 05,27069,574,3135,73,0.02120506852857512,1.1309852093256456,1.1457085828343314
51,Apr 06,30217,649,3148,75,0.021477975973789587,1.116295393254276,1.1306620209059233
52,Apr 07,34109,725,3892,76,0.021255387141223724,1.1288016679352681,1.1171032357473036
53,Apr 08,38226,812,4117,87,0.021242086537958456,1.1207012811867836,1.12
54,Apr 09,42282,908,4056,96,0.02147485927817984,1.1061057918694082,1.1182266009852218
55,Apr 10,47029,1006,4747,98,0.02139105658210891,1.1122699966888983,1.1079295154185023
56,Apr 11,52167,1101,5138,95,0.02110529645177986,1.1092517382891407,1.0944333996023856
57,Apr 12,56956,1198,4789,97,0.021033780462111105,1.091801330342937,1.0881017257039056
58,Apr 13,61049,1296,4093,98,0.02122884895739488,1.071862490343423,1.0818030050083471
59,Apr 14,65111,1403,4062,107,0.02154781834098693,1.0665367164081312,1.0825617283950617
60,Apr 15,69392,1518,4281,115,0.021875720544154945,1.0657492589577797,1.0819672131147542
61,Apr 16,74193,1643,4801,125,0.02214494628873344,1.0691866497578972,1.0823451910408433
62,Apr 17,78546,1769,4353,126,0.022521834339113384,1.058671303222676,1.0766889835666464
63,Apr 18,82329,1890,3783,121,0.02295667383303575,1.048162859980139,1.06840022611645
64,Apr 19,86306,2017,3977,127,0.023370333464649038,1.0483061861555467,1.0671957671957673
65,Apr 20,90980,2140,4674,123,0.02352165311057375,1.0541561420990428,1.0609816559246406
66,Apr 21,95591,2259,4611,119,0.02363193187643188,1.0506814684546053,1.055607476635514
67,Apr 22,98674,2376,3083,117,0.02407929140401727,1.0322519902501281,1.051792828685259
68,Apr 23,101790,2491,3116,115,0.024471952058158955,1.0315787340130125,1.0484006734006734
69,Apr 24,104912,2600,3122,109,0.024782675003812718,1.030670989291679,1.0437575270975512
70,Apr 25,107773,2706,2861,106,0.02510832954450558,1.0272704743022725,1.0407692307692307
71,Apr 26,110130,2805,2357,99,0.025469899210024516,1.0218700416616406,1.0365853658536586
72,Apr 27,112261,2900,2131,95,0.025832657824177586,1.0193498592572414,1.0338680926916222
73,Apr 28,114653,2992,2392,92,0.026096133550801114,1.021307488798425,1.0317241379310345
74,Apr 29,117589,3081,2936,89,0.026201430405905314,1.0256077032437005,1.0297459893048129
75,Apr 30,120204,3174,2615,93,0.026405111310771688,1.0222384746872581,1.0301850048685492
76,May 01,122392,3258,2188,84,0.026619386888031896,1.0182023892715717,1.0264650283553876
77,May 02,124375,3336,1983,78,0.02682211055276382,1.016202039348977,1.0239410681399632
78,May 03,126045,3397,1670,61,0.026950692213098495,1.013427135678392,1.0182853717026379
79,May 04,127659,3461,1614,64,0.02711128866746567,1.0128049506128765,1.0188401530762436
80,May 05,129491,3520,1832,59,0.027183356372257533,1.0143507312449573,1.0170470962149667
