,Dates,Cases,Deaths,Daily Cases,Daily Deaths,CFR,Cases growth rate,Deaths growth rate
0,Feb 15,8,0,0,0,0.0,0.000526592943654555,0.0
1,Feb 16,9,0,1,0,0.0,1.125,0.0
2,Feb 17,9,0,0,0,0.0,1.0,0.0
3,Feb 18,9,0,0,0,0.0,1.0,0.0
4,Feb 19,9,0,0,0,0.0,1.0,0.0
5,Feb 20,9,0,0,0,0.0,1.0,0.0
6,Feb 21,11,0,2,0,0.0,1.2222222222222223,0.0
7,Feb 22,13,0,2,0,0.0,1.1818181818181819,0.0
8,Feb 23,13,0,0,0,0.0,1.0,0.0
9,Feb 24,13,0,0,0,0.0,1.0,0.0
10,Feb 25,13,0,0,0,0.0,1.0,0.0
11,Feb 26,13,0,0,0,0.0,1.0,0.0
12,Feb 27,19,0,6,0,0.0,1.4615384615384615,0.0
13,Feb 28,19,0,0,0,0.0,1.0,0.0
14,Feb 29,21,0,2,0,0.0,1.105263157894737,0.0
15,Mar 01,21,0,0,0,0.0,1.0,0.0
16,Mar 02,21,0,0,0,0.0,1.0,0.0
17,Mar 03,27,0,6,0,0.0,1.2857142857142858,0.0
18,Mar 04,28,0,1,0,0.0,1.037037037037037,0.0
19,Mar 05,28,0,0,0,0.0,1.0,0.0
20,Mar 06,45,0,17,0,0.0,1.6071428571428572,0.0
21,Mar 07,45,0,0,0,0.0,1.0,0.0
22,Mar 08,45,0,0,0,0.0,1.0,0.0
23,Mar 09,59,0,14,0,0.0,1.3111111111111111,0.0
24,Mar 10,74,0,15,0,0.0,1.2542372881355932,0.0
25,Mar 11,74,0,0,0,0.0,1.0,0.0
26,Mar 12,85,0,11,0,0.0,1.1486486486486487,0.0
27,Mar 13,85,0,0,0,0.0,1.0,0.0
28,Mar 14,85,0,0,0,0.0,1.0,0.0
29,Mar 15,98,0,13,0,0.0,1.1529411764705881,0.0
30,Mar 16,98,0,0,0,0.0,1.0,0.0
31,Mar 17,113,0,15,0,0.0,1.153061224489796,0.0
32,Mar 18,113,0,0,0,0.0,1.0,0.0
33,Mar 19,140,0,27,0,0.0,1.238938053097345,0.0
34,Mar 20,140,2,0,2,0.014285714285714285,1.0,0.0
35,Mar 21,153,2,13,0,0.013071895424836602,1.0928571428571427,1.0
36,Mar 22,153,2,0,0,0.013071895424836602,1.0,1.0
37,Mar 23,198,2,45,0,0.010101010101010102,1.2941176470588236,1.0
38,Mar 24,248,2,50,0,0.008064516129032258,1.2525252525252526,1.0
39,Mar 25,333,2,85,0,0.006006006006006006,1.342741935483871,1.0
40,Mar 26,333,2,0,0,0.006006006006006006,1.0,1.0
41,Mar 27,405,2,72,0,0.0049382716049382715,1.2162162162162162,1.0
42,Mar 28,468,2,63,0,0.004273504273504274,1.1555555555555554,1.0
43,Mar 29,570,3,102,1,0.005263157894736842,1.2179487179487178,1.5
44,Mar 30,611,5,41,2,0.008183306055646482,1.0719298245614035,1.6666666666666667
45,Mar 31,664,6,53,1,0.009036144578313253,1.0867430441898527,1.2
46,Apr 01,814,8,150,2,0.009828009828009828,1.2259036144578312,1.3333333333333333
47,Apr 02,1024,8,210,0,0.0078125,1.257985257985258,1.0
48,Apr 03,1264,9,240,1,0.007120253164556962,1.234375,1.125
49,Apr 04,1505,10,241,1,0.006644518272425249,1.1906645569620253,1.1111111111111112
50,Apr 05,1799,10,294,0,0.005558643690939411,1.1953488372093024,1.0
51,Apr 06,2076,11,277,1,0.0052986512524084775,1.1539744302390216,1.1
52,Apr 07,2359,12,283,1,0.005086901229334464,1.1363198458574182,1.0909090909090908
53,Apr 08,2659,12,300,0,0.0045129748025573525,1.1271725307333615,1.0
54,Apr 09,2990,14,331,2,0.0046822742474916385,1.1244828883038736,1.1666666666666667
55,Apr 10,3360,16,370,2,0.004761904761904762,1.1237458193979932,1.1428571428571428
56,Apr 11,3736,20,376,4,0.0053533190578158455,1.111904761904762,1.25
57,Apr 12,4123,22,387,2,0.0053359204462769825,1.1035867237687367,1.1
58,Apr 13,4521,25,398,3,0.005529750055297501,1.09653165170992,1.1363636363636365
59,Apr 14,4933,28,412,3,0.005676059193188729,1.0911302809113028,1.12
60,Apr 15,5365,33,432,5,0.006150978564771668,1.0875734846949119,1.1785714285714286
61,Apr 16,5825,35,460,2,0.006008583690987125,1.0857409133271203,1.0606060606060606
62,Apr 17,6302,37,477,2,0.005871152015233259,1.0818884120171675,1.0571428571428572
63,Apr 18,6302,37,0,0,0.005871152015233259,1.0,1.0
64,Apr 19,6781,41,479,4,0.006046305854593718,1.0760076166296413,1.1081081081081081
65,Apr 20,7265,43,484,2,0.005918788713007571,1.0713759032591064,1.048780487804878
66,Apr 21,7755,46,490,3,0.005931656995486783,1.0674466620784584,1.069767441860465
67,Apr 22,8238,52,483,6,0.006312211701869385,1.0622823984526113,1.1304347826086956
68,Apr 23,8756,56,518,4,0.006395614435815441,1.062879339645545,1.0769230769230769
69,Apr 24,9281,64,525,8,0.0068958086413102035,1.0599588853357698,1.1428571428571428
70,Apr 25,9813,71,532,7,0.007235300112096199,1.0573214093308911,1.109375
71,Apr 26,10349,76,536,5,0.007343704705768673,1.0546214205645572,1.0704225352112675
72,Apr 27,10839,82,490,6,0.007565273549220408,1.0473475698135086,1.0789473684210527
73,Apr 28,11380,89,541,7,0.007820738137082601,1.0499123535381494,1.0853658536585367
74,Apr 29,11929,98,549,9,0.008215273702741218,1.0482425307557117,1.101123595505618
75,Apr 30,12481,105,552,7,0.008412787436904094,1.0462737865705425,1.0714285714285714
76,May 01,13038,111,557,6,0.008513575701794753,1.0446278343081483,1.0571428571428572
77,May 02,13599,119,561,8,0.008750643429663946,1.043028071790152,1.072072072072072
78,May 03,14163,126,564,7,0.008896420249947044,1.041473637767483,1.0588235294117647
79,May 04,14730,137,567,11,0.009300746775288526,1.0400338911247617,1.0873015873015872
80,May 05,15192,146,462,9,0.009610321221695629,1.0313645621181262,1.0656934306569343
