,Dates,Cases,Deaths,Active Cases,Daily Cases,Daily Deaths,CFR,Cases growth rate,Deaths growth rate
0,Feb 15,0,0,0,0,0,0.0,0.0,0.0
1,Feb 16,0,0,0,0,0,0.0,0.0,0.0
2,Feb 17,0,0,0,0,0,0.0,0.0,0.0
3,Feb 18,0,0,0,0,0,0.0,0.0,0.0
4,Feb 19,0,0,0,0,0,0.0,0.0,0.0
5,Feb 20,0,0,0,0,0,0.0,0.0,0.0
6,Feb 21,0,0,0,0,0,0.0,0.0,0.0
7,Feb 22,0,0,0,0,0,0.0,0.0,0.0
8,Feb 23,0,0,0,0,0,0.0,0.0,0.0
9,Feb 24,0,0,0,0,0,0.0,0.0,0.0
10,Feb 25,0,0,0,0,0,0.0,0.0,0.0
11,Feb 26,0,0,0,0,0,0.0,0.0,0.0
12,Feb 27,0,0,0,0,0,0.0,0.0,0.0
13,Feb 28,0,0,0,0,0,0.0,0.0,0.0
14,Feb 29,0,0,0,0,0,0.0,0.0,0.0
15,Mar 01,0,0,0,0,0,0.0,0.0,0.0
16,Mar 02,0,0,0,0,0,0.0,0.0,0.0
17,Mar 03,1,0,1,1,0,0.0,0.0,0.0
18,Mar 04,1,0,1,0,0,0.0,1.0,0.0
19,Mar 05,1,0,1,0,0,0.0,1.0,0.0
20,Mar 06,1,0,1,0,0,0.0,1.0,0.0
21,Mar 07,1,0,1,0,0,0.0,1.0,0.0
22,Mar 08,1,0,1,0,0,0.0,1.0,0.0
23,Mar 09,1,0,1,0,0,0.0,1.0,0.0
24,Mar 10,1,0,1,0,0,0.0,1.0,0.0
25,Mar 11,1,0,1,0,0,0.0,1.0,0.0
26,Mar 12,3,0,3,2,0,0.0,3.0,0.0
27,Mar 13,3,1,2,0,1,0.3333333333333333,1.0,0.0
28,Mar 14,3,1,2,0,0,0.3333333333333333,1.0,1.0
29,Mar 15,3,1,2,0,0,0.3333333333333333,1.0,1.0
30,Mar 16,7,1,6,4,0,0.14285714285714285,2.3333333333333335,1.0
31,Mar 17,14,2,12,7,1,0.14285714285714285,2.0,2.0
32,Mar 18,16,2,14,2,0,0.125,1.1428571428571428,1.0
33,Mar 19,26,3,23,10,1,0.11538461538461539,1.625,1.5
34,Mar 20,41,3,37,15,0,0.07317073170731707,1.5769230769230769,1.0
35,Mar 21,47,3,43,6,0,0.06382978723404255,1.146341463414634,1.0
36,Mar 22,73,3,69,26,0,0.0410958904109589,1.553191489361702,1.0
37,Mar 23,73,3,69,0,0,0.0410958904109589,1.0,1.0
38,Mar 24,102,3,98,29,0,0.029411764705882353,1.3972602739726028,1.0
39,Mar 25,145,5,139,43,2,0.034482758620689655,1.4215686274509804,1.6666666666666667
40,Mar 26,196,5,190,51,0,0.025510204081632654,1.3517241379310345,1.0
41,Mar 27,310,5,300,114,0,0.016129032258064516,1.5816326530612246,1.0
42,Mar 28,356,9,342,46,4,0.025280898876404494,1.1483870967741936,1.8
43,Mar 29,475,10,459,119,1,0.021052631578947368,1.3342696629213484,1.1111111111111112
44,Mar 30,548,13,527,73,3,0.023722627737226276,1.1536842105263159,1.3
45,Mar 31,645,17,618,97,4,0.02635658914728682,1.177007299270073,1.3076923076923077
46,Apr 01,794,20,761,149,3,0.02518891687657431,1.2310077519379845,1.1764705882352942
47,Apr 02,897,22,856,103,2,0.024526198439241916,1.1297229219143576,1.1
48,Apr 03,1072,27,1023,175,5,0.025186567164179104,1.1950947603121516,1.2272727272727273
49,Apr 04,1225,32,1168,153,5,0.026122448979591838,1.142723880597015,1.1851851851851851
50,Apr 05,1308,37,1243,83,5,0.028287461773700305,1.0677551020408163,1.15625
51,Apr 06,1319,38,1253,11,1,0.02880970432145565,1.0084097859327217,1.027027027027027
52,Apr 07,1462,45,1389,143,7,0.030779753761969904,1.10841546626232,1.1842105263157894
53,Apr 08,1668,52,1581,206,7,0.03117505995203837,1.1409028727770179,1.1555555555555554
54,Apr 09,1892,57,1790,224,5,0.030126849894291756,1.1342925659472423,1.0961538461538463
55,Apr 10,2203,69,2073,311,12,0.031320926009986386,1.1643763213530656,1.2105263157894737
56,Apr 11,2511,73,2359,308,4,0.029072082835523694,1.1398093508851566,1.0579710144927537
57,Apr 12,2777,83,2605,266,10,0.02988836874324811,1.1059338908801275,1.1369863013698631
58,Apr 13,3102,93,2912,325,10,0.029980657640232108,1.1170327691753692,1.1204819277108433
59,Apr 14,3372,98,3155,270,5,0.029062870699881376,1.0870406189555126,1.053763440860215
60,Apr 15,3764,108,3513,392,10,0.028692879914984058,1.1162514827995256,1.1020408163265305
61,Apr 16,4161,116,3859,397,8,0.027877913962989664,1.1054729011689692,1.0740740740740742
62,Apr 17,4662,125,4291,501,9,0.026812526812526813,1.1204037490987744,1.0775862068965518
63,Apr 18,5106,133,4698,444,8,0.026047786917352135,1.0952380952380953,1.064
64,Apr 19,5449,141,4961,343,8,0.02587630757937236,1.0671758715236976,1.0601503759398496
65,Apr 20,5710,151,5200,261,10,0.026444833625218916,1.0478986970086255,1.070921985815603
66,Apr 21,6125,161,5597,415,10,0.026285714285714287,1.0726795096322241,1.0662251655629138
67,Apr 22,6592,174,5994,467,13,0.026395631067961164,1.0762448979591837,1.0807453416149069
68,Apr 23,7170,187,6479,578,13,0.02608089260808926,1.0876820388349515,1.0747126436781609
69,Apr 24,7647,193,6853,477,6,0.025238655681966784,1.0665271966527197,1.032085561497326
70,Apr 25,8125,201,7142,478,8,0.02473846153846154,1.0625081731397934,1.0414507772020725
71,Apr 26,8617,209,7568,492,8,0.024254380875014508,1.0605538461538462,1.0398009950248757
72,Apr 27,9009,220,7925,392,11,0.02442002442002442,1.0454914703493094,1.0526315789473684
73,Apr 28,9410,239,8179,401,19,0.025398512221041444,1.0445110445110446,1.0863636363636364
74,Apr 29,9866,250,8513,456,11,0.02533954996959254,1.0484590860786398,1.0460251046025104
75,Apr 30,10406,261,8907,540,11,0.025081683644051507,1.05473342793432,1.044
